
time,npos,epos,alt,phi,theta,psi,vel,alpha,beta,p,q,r,nx,ny,nz,mach,qbar,ps,

 0.00000, 0.00000, 0.00000,10000.00000, 0.00000, 2.06647, 0.00000,600.00000, 2.06647, 0.00000, 0.00000, 0.00000, 0.00000, 0.03605,-0.01150, 0.99917, 0.55723,316.40330,1454.59743,2331.90127,-1.57273,-0.08283, 0.00624,
 0.10000,60.00000,-0.00183,9999.99997, 0.00017, 2.06647,-0.00005,600.00001, 2.06653,-0.00343, 0.00488, 0.00000,-0.00147, 0.03606,-0.01120, 0.99917, 0.55723,316.40331,1454.59743,2331.90127,-1.57273,-0.08283, 0.00624,
 0.20000,120.00000,-0.00727,9999.99989, 0.00120, 2.06647,-0.00038,600.00002, 2.06658,-0.00646, 0.01696, 0.00000,-0.00554, 0.03606,-0.01094, 0.99918, 0.55723,316.40333,1454.59743,2331.90127,-1.57273,-0.08283, 0.00624,
 0.30000,180.00000,-0.01622,9999.99975, 0.00364, 2.06647,-0.00123,600.00005, 2.06663,-0.00884, 0.03273,-0.00000,-0.01168, 0.03606,-0.01075, 0.99918, 0.55723,316.40336,1454.59744,2331.90127,-1.57273,-0.08283, 0.00624,
 0.40000,240.00001,-0.02862,9999.99955, 0.00768, 2.06647,-0.00276,600.00008, 2.06669,-0.01041, 0.04909,-0.00001,-0.01921, 0.03606,-0.01063, 0.99919, 0.55723,316.40339,1454.59745,2331.90127,-1.57273,-0.08283, 0.00624,
 0.50000,300.00002,-0.04438,9999.99930, 0.01325, 2.06647,-0.00509,600.00012, 2.06673,-0.01108, 0.06352,-0.00003,-0.02736, 0.03606,-0.01058, 0.99920, 0.55723,316.40343,1454.59747,2331.90127,-1.57273,-0.08283, 0.00624,
 0.60000,360.00003,-0.06348,9999.99901, 0.02006, 2.06647,-0.00823,600.00015, 2.06677,-0.01086, 0.07411,-0.00006,-0.03536, 0.03606,-0.01062, 0.99921, 0.55723,316.40347,1454.59748,2331.90127,-1.57273,-0.08283, 0.00624,
 0.70000,420.00004,-0.08589,9999.99867, 0.02765, 2.06646,-0.01214,600.00019, 2.06681,-0.00983, 0.07966,-0.00011,-0.04251, 0.03606,-0.01072, 0.99922, 0.55723,316.40351,1454.59750,2331.90127,-1.57273,-0.08283, 0.00624,
 0.80000,480.00005,-0.11159,9999.99830, 0.03550, 2.06645,-0.01669,600.00022, 2.06683,-0.00814, 0.07963,-0.00016,-0.04824, 0.03606,-0.01088, 0.99924, 0.55723,316.40355,1454.59752,2331.90127,-1.57273,-0.08283, 0.00624,
 0.90000,540.00007,-0.14060,9999.99789, 0.04305, 2.06644,-0.02173,600.00025, 2.06685,-0.00600, 0.07414,-0.00021,-0.05214, 0.03606,-0.01108, 0.99925, 0.55723,316.40358,1454.59755,2331.90127,-1.57273,-0.08283, 0.00624,
 1.00000,600.00009,-0.17293,9999.99745, 0.04979, 2.06642,-0.02706,600.00027, 2.06685,-0.00361, 0.06387,-0.00028,-0.05398, 0.03606,-0.01129, 0.99926, 0.55723,316.40361,1454.59757,2331.90127,-1.57273,-0.08283, 0.00624,
 1.10000,660.00011,-0.20861,9999.99698, 0.05531, 2.06639,-0.03247,600.00028, 2.06685,-0.00123, 0.04994,-0.00034,-0.05376, 0.03606,-0.01150, 0.99927, 0.55723,316.40363,1454.59760,2331.90127,-1.57273,-0.08283, 0.00624,
 1.20000,720.00012,-0.24769,9999.99650, 0.05932, 2.06636,-0.03776,600.00029, 2.06684, 0.00095, 0.03376,-0.00040,-0.05164, 0.03606,-0.01168, 0.99926, 0.55723,316.40365,1454.59763,2331.90127,-1.57273,-0.08283, 0.00624,
 1.30000,780.00014,-0.29019,9999.99598, 0.06168, 2.06632,-0.04275,600.00031, 2.06682, 0.00274, 0.01701,-0.00045,-0.04790, 0.03606,-0.01183, 0.99925, 0.55723,316.40367,1454.59765,2331.90127,-1.57273,-0.08283, 0.00624,
 1.40000,840.00015,-0.33614,9999.99544, 0.06241, 2.06628,-0.04730,600.00033, 2.06681, 0.00401, 0.00113,-0.00048,-0.04298, 0.03606,-0.01192, 0.99924, 0.55723,316.40369,1454.59768,2331.90127,-1.57273,-0.08283, 0.00624,
 1.50000,900.00016,-0.38558,9999.99487, 0.06167, 2.06623,-0.05133,600.00036, 2.06679, 0.00467,-0.01259,-0.00051,-0.03743, 0.03606,-0.01197, 0.99923, 0.55723,316.40373,1454.59772,2331.90127,-1.57273,-0.08283, 0.00624,
 1.60000,960.00018,-0.43853,9999.99427, 0.05973, 2.06619,-0.05479,600.00038, 2.06678, 0.00471,-0.02312,-0.00053,-0.03179, 0.03606,-0.01196, 0.99923, 0.55723,316.40376,1454.59775,2331.90127,-1.57273,-0.08283, 0.00624,
 1.70000,1020.00019,-0.49498,9999.99363, 0.05694, 2.06614,-0.05771,600.00041, 2.06676, 0.00417,-0.02979,-0.00054,-0.02660, 0.03606,-0.01190, 0.99923, 0.55723,316.40380,1454.59779,2331.90127,-1.57273,-0.08283, 0.00624,
 1.80000,1080.00020,-0.55495,9999.99295, 0.05371, 2.06608,-0.06014,600.00045, 2.06674, 0.00315,-0.03232,-0.00055,-0.02229, 0.03606,-0.01181, 0.99923, 0.55723,316.40384,1454.59783,2331.90127,-1.57273,-0.08283, 0.00624,
 1.90000,1140.00022,-0.61841,9999.99224, 0.05045, 2.06603,-0.06221,600.00048, 2.06673, 0.00176,-0.03079,-0.00055,-0.01920, 0.03606,-0.01168, 0.99923, 0.55723,316.40388,1454.59787,2331.90127,-1.57273,-0.08283, 0.00624,
 2.00000,1200.00023,-0.68535,9999.99149, 0.04753, 2.06598,-0.06403,600.00051, 2.06671, 0.00018,-0.02568,-0.00055,-0.01752, 0.03606,-0.01155, 0.99923, 0.55723,316.40392,1454.59791,2331.90127,-1.57273,-0.08283, 0.00624,
 2.10000,1260.00024,-0.75573,9999.99071, 0.04528, 2.06592,-0.06576,600.00054, 2.06669,-0.00145,-0.01767,-0.00054,-0.01728, 0.03606,-0.01140, 0.99922, 0.55723,316.40397,1454.59795,2331.90127,-1.57273,-0.08283, 0.00624,
 2.20000,1320.00025,-0.82953,9999.98988, 0.04394, 2.06587,-0.06754,600.00058, 2.06668,-0.00297,-0.00763,-0.00052,-0.01836, 0.03606,-0.01127, 0.99921, 0.55723,316.40402,1454.59800,2331.90127,-1.57273,-0.08283, 0.00624,
 2.30000,1380.00026,-0.90671,9999.98902, 0.04365, 2.06582,-0.06948,600.00063, 2.06668,-0.00425, 0.00334,-0.00050,-0.02057, 0.03606,-0.01117, 0.99920, 0.55723,316.40408,1454.59805,2331.90127,-1.57273,-0.08283, 0.00624,
 2.40000,1440.00027,-0.98724,9999.98810, 0.04446, 2.06578,-0.07168,600.00069, 2.06667,-0.00520, 0.01415,-0.00048,-0.02361, 0.03606,-0.01109, 0.99920, 0.55723,316.40414,1454.59810,2331.90127,-1.57273,-0.08283, 0.00624,
 2.50000,1500.00029,-1.07109,9999.98715, 0.04627, 2.06573,-0.07422,600.00074, 2.06667,-0.00576, 0.02382,-0.00045,-0.02717, 0.03606,-0.01105, 0.99920, 0.55723,316.40421,1454.59815,2331.90127,-1.57273,-0.08283, 0.00624,
 2.60000,1560.00030,-1.15823,9999.98615, 0.04896, 2.06569,-0.07712,600.00081, 2.06668,-0.00589, 0.03155,-0.00043,-0.03086, 0.03606,-0.01104, 0.99920, 0.55723,316.40429,1454.59821,2331.90127,-1.57273,-0.08283, 0.00624,
 2.70000,1620.00032,-1.24865,9999.98510, 0.05228, 2.06565,-0.08039,600.00087, 2.06668,-0.00563, 0.03678,-0.00041,-0.03436, 0.03606,-0.01107, 0.99920, 0.55723,316.40437,1454.59827,2331.90127,-1.57273,-0.08283, 0.00624,
 2.80000,1680.00033,-1.34234,9999.98401, 0.05597, 2.06561,-0.08398,600.00094, 2.06668,-0.00503, 0.03920,-0.00040,-0.03736, 0.03606,-0.01113, 0.99921, 0.55723,316.40445,1454.59833,2331.90127,-1.57273,-0.08283, 0.00624,
 2.90000,1740.00035,-1.43930,9999.98287, 0.05976, 2.06558,-0.08784,600.00100, 2.06669,-0.00415, 0.03881,-0.00039,-0.03962, 0.03606,-0.01121, 0.99921, 0.55723,316.40453,1454.59840,2331.90127,-1.57273,-0.08283, 0.00624,
 3.00000,1800.00037,-1.53953,9999.98169, 0.06336, 2.06554,-0.09188,600.00106, 2.06669,-0.00311, 0.03584,-0.00039,-0.04099, 0.03606,-0.01131, 0.99922, 0.55723,316.40461,1454.59846,2331.90127,-1.57273,-0.08283, 0.00624,
 3.10000,1860.00039,-1.64305,9999.98048, 0.06656, 2.06551,-0.09601,600.00113, 2.06669,-0.00201, 0.03073,-0.00039,-0.04141, 0.03606,-0.01140, 0.99922, 0.55723,316.40468,1454.59853,2331.90127,-1.57273,-0.08283, 0.00624,
 3.20000,1920.00041,-1.74986,9999.97923, 0.06916, 2.06548,-0.10014,600.00119, 2.06669,-0.00094, 0.02410,-0.00040,-0.04091, 0.03606,-0.01150, 0.99923, 0.55723,316.40476,1454.59860,2331.90127,-1.57273,-0.08283, 0.00624,
 3.30000,1980.00043,-1.85998,9999.97794, 0.07106, 2.06544,-0.10417,600.00125, 2.06669,-0.00001, 0.01664,-0.00041,-0.03959, 0.03605,-0.01158, 0.99923, 0.55723,316.40483,1454.59867,2331.90127,-1.57273,-0.08283, 0.00624,
 3.40000,2040.00045,-1.97343,9999.97662, 0.07220, 2.06540,-0.10804,600.00131, 2.06668, 0.00072, 0.00913,-0.00042,-0.03763, 0.03606,-0.01163, 0.99923, 0.55723,316.40491,1454.59875,2331.90127,-1.57273,-0.08283, 0.00624,
 3.50000,2100.00047,-2.09021,9999.97526, 0.07263, 2.06537,-0.11169,600.00137, 2.06668, 0.00119, 0.00224,-0.00042,-0.03522, 0.03606,-0.01167, 0.99922, 0.55723,316.40499,1454.59883,2331.90127,-1.57273,-0.08283, 0.00624,
 3.60000,2160.00049,-2.21034,9999.97386, 0.07244, 2.06533,-0.11508,600.00144, 2.06668, 0.00138,-0.00347,-0.00042,-0.03262, 0.03606,-0.01168, 0.99922, 0.55723,316.40508,1454.59890,2331.90127,-1.57273,-0.08283, 0.00624,
 3.70000,2220.00051,-2.33382,9999.97243, 0.07176, 2.06529,-0.11822,600.00151, 2.06667, 0.00129,-0.00759,-0.00042,-0.03009, 0.03606,-0.01167, 0.99922, 0.55723,316.40516,1454.59899,2331.90127,-1.57273,-0.08283, 0.00624,
 3.80000,2280.00053,-2.46065,9999.97096, 0.07076, 2.06525,-0.12112,600.00158, 2.06667, 0.00095,-0.00988,-0.00042,-0.02784, 0.03606,-0.01163, 0.99922, 0.55723,316.40525,1454.59907,2331.90127,-1.57273,-0.08283, 0.00624,
 3.90000,2340.00055,-2.59083,9999.96946, 0.06964, 2.06521,-0.12381,600.00165, 2.06667, 0.00042,-0.01028,-0.00042,-0.02606, 0.03605,-0.01158, 0.99922, 0.55723,316.40534,1454.59915,2331.90127,-1.57273,-0.08283, 0.00624,
 4.00000,2400.00057,-2.72434,9999.96792, 0.06858, 2.06517,-0.12635,600.00172, 2.06666,-0.00026,-0.00890,-0.00042,-0.02488, 0.03605,-0.01152, 0.99922, 0.55723,316.40543,1454.59924,2331.90127,-1.57273,-0.08283, 0.00624,
 4.10000,2460.00059,-2.86117,9999.96634, 0.06773, 2.06513,-0.12881,600.00180, 2.06666,-0.00100,-0.00595,-0.00042,-0.02434, 0.03605,-0.01146, 0.99922, 0.55723,316.40553,1454.59933,2331.90127,-1.57273,-0.08283, 0.00624,
 4.20000,2520.00061,-3.00132,9999.96472, 0.06725, 2.06509,-0.13124,600.00188, 2.06666,-0.00173,-0.00182,-0.00041,-0.02443, 0.03606,-0.01139, 0.99922, 0.55723,316.40563,1454.59942,2331.90127,-1.57273,-0.08283, 0.00624,
 4.30000,2580.00063,-3.14475,9999.96307, 0.06722, 2.06506,-0.13372,600.00196, 2.06666,-0.00239, 0.00304,-0.00040,-0.02510, 0.03606,-0.01134, 0.99921, 0.55723,316.40573,1454.59952,2331.90127,-1.57273,-0.08283, 0.00624,
 4.40000,2640.00065,-3.29145,9999.96137, 0.06768, 2.06502,-0.13628,600.00205, 2.06666,-0.00292, 0.00811,-0.00039,-0.02624, 0.03606,-0.01129, 0.99921, 0.55723,316.40584,1454.59961,2331.90127,-1.57273,-0.08283, 0.00624,
 4.50000,2700.00068,-3.44140,9999.95964, 0.06864, 2.06498,-0.13898,600.00214, 2.06666,-0.00329, 0.01293,-0.00038,-0.02771, 0.03606,-0.01126, 0.99921, 0.55723,316.40596,1454.59971,2331.90127,-1.57273,-0.08283, 0.00624,
 4.60000,2760.00070,-3.59459,9999.95787, 0.07005, 2.06495,-0.14183,600.00223, 2.06667,-0.00347, 0.01708,-0.00038,-0.02935, 0.03606,-0.01125, 0.99921, 0.55723,316.40608,1454.59981,2331.90127,-1.57273,-0.08283, 0.00624,
 4.70000,2820.00072,-3.75101,9999.95605, 0.07181, 2.06492,-0.14485,600.00233, 2.06667,-0.00347, 0.02023,-0.00037,-0.03100, 0.03606,-0.01126, 0.99922, 0.55723,316.40619,1454.59991,2331.90127,-1.57273,-0.08283, 0.00624,
 4.80000,2880.00075,-3.91065,9999.95420, 0.07383, 2.06488,-0.14803,600.00243, 2.06668,-0.00329, 0.02216,-0.00036,-0.03250, 0.03606,-0.01127, 0.99922, 0.55723,316.40632,1454.60002,2331.90127,-1.57273,-0.08283, 0.00624,
 4.90000,2940.00078,-4.07351,9999.95231, 0.07597, 2.06485,-0.15135,600.00253, 2.06668,-0.00296, 0.02280,-0.00036,-0.03373, 0.03606,-0.01131, 0.99922, 0.55723,316.40644,1454.60012,2331.90127,-1.57273,-0.08283, 0.00624,
 5.00000,3000.00080,-4.23957,9999.95038, 0.07810, 2.06482,-0.15477,600.00263, 2.06668,-0.00253, 0.02218,-0.00036,-0.03460, 0.03606,-0.01135, 0.99922, 0.55723,316.40656,1454.60023,2331.90127,-1.57273,-0.08283, 0.00624,
 5.10000,3060.00083,-4.40885,9999.94842, 0.08012, 2.06479,-0.15826,600.00272, 2.06668,-0.00203, 0.02044,-0.00037,-0.03505, 0.03606,-0.01139, 0.99923, 0.55723,316.40669,1454.60034,2331.90127,-1.57273,-0.08283, 0.00624,
 5.20000,3120.00086,-4.58134,9999.94642, 0.08191, 2.06476,-0.16177,600.00282, 2.06668,-0.00153, 0.01782,-0.00037,-0.03506, 0.03606,-0.01143, 0.99923, 0.55723,316.40681,1454.60046,2331.90127,-1.57273,-0.08283, 0.00624,
 5.30000,3180.00089,-4.75705,9999.94439, 0.08341, 2.06472,-0.16526,600.00292, 2.06668,-0.00106, 0.01461,-0.00038,-0.03467, 0.03605,-0.01147, 0.99923, 0.55723,316.40694,1454.60057,2331.90127,-1.57273,-0.08283, 0.00624,
 5.40000,3240.00092,-4.93599,9999.94233, 0.08457, 2.06469,-0.16870,600.00302, 2.06668,-0.00066, 0.01115,-0.00038,-0.03393, 0.03605,-0.01151, 0.99923, 0.55723,316.40706,1454.60069,2331.90127,-1.57273,-0.08283, 0.00624,
 5.50000,3300.00095,-5.11815,9999.94023, 0.08540, 2.06466,-0.17204,600.00312, 2.06668,-0.00037, 0.00776,-0.00039,-0.03293, 0.03605,-0.01153, 0.99923, 0.55723,316.40719,1454.60081,2331.90127,-1.57273,-0.08283, 0.00624,
 5.60000,3360.00098,-5.30354,9999.93810, 0.08590, 2.06462,-0.17528,600.00323, 2.06668,-0.00020, 0.00474,-0.00039,-0.03178, 0.03605,-0.01154, 0.99923, 0.55723,316.40732,1454.60093,2331.90127,-1.57273,-0.08283, 0.00624,
 5.70000,3420.00101,-5.49216,9999.93594, 0.08614, 2.06459,-0.17840,600.00333, 2.06667,-0.00016, 0.00233,-0.00040,-0.03059, 0.03605,-0.01154, 0.99923, 0.55723,316.40745,1454.60105,2331.90127,-1.57273,-0.08283, 0.00624,
 5.80000,3480.00105,-5.68402,9999.93375, 0.08617, 2.06455,-0.18141,600.00343, 2.06667,-0.00024, 0.00070,-0.00040,-0.02946, 0.03605,-0.01154, 0.99923, 0.55723,316.40758,1454.60117,2331.90127,-1.57273,-0.08283, 0.00624,
 5.90000,3540.00108,-5.87910,9999.93152, 0.08609, 2.06452,-0.18430,600.00354, 2.06666,-0.00042,-0.00007,-0.00040,-0.02848, 0.03605,-0.01152, 0.99923, 0.55723,316.40771,1454.60130,2331.90127,-1.57273,-0.08283, 0.00624,
 6.00000,3600.00111,-6.07741,9999.92926, 0.08598, 2.06448,-0.18711,600.00365, 2.06666,-0.00069, 0.00004,-0.00039,-0.02774, 0.03605,-0.01149, 0.99923, 0.55723,316.40785,1454.60143,2331.90127,-1.57273,-0.08283, 0.00624,
 6.10000,3660.00114,-6.27893,9999.92696, 0.08593, 2.06445,-0.18986,600.00376, 2.06666,-0.00101, 0.00094,-0.00039,-0.02727, 0.03605,-0.01146, 0.99923, 0.55723,316.40799,1454.60156,2331.90127,-1.57273,-0.08283, 0.00624,
 6.20000,3720.00117,-6.48365,9999.92464, 0.08600, 2.06441,-0.19258,600.00388, 2.06666,-0.00134, 0.00250,-0.00039,-0.02709, 0.03605,-0.01143, 0.99923, 0.55723,316.40814,1454.60169,2331.90127,-1.57273,-0.08283, 0.00624,
 6.30000,3780.00121,-6.69157,9999.92227, 0.08625, 2.06438,-0.19529,600.00400, 2.06666,-0.00167, 0.00453,-0.00038,-0.02719, 0.03605,-0.01141, 0.99923, 0.55723,316.40829,1454.60182,2331.90127,-1.57273,-0.08283, 0.00624,
 6.40000,3840.00124,-6.90268,9999.91988, 0.08671, 2.06435,-0.19803,600.00412, 2.06666,-0.00195, 0.00680,-0.00037,-0.02754, 0.03605,-0.01138, 0.99922, 0.55723,316.40844,1454.60196,2331.90127,-1.57273,-0.08283, 0.00624,
 6.50000,3900.00128,-7.11696,9999.91744, 0.08741, 2.06431,-0.20081,600.00424, 2.06666,-0.00217, 0.00911,-0.00037,-0.02809, 0.03605,-0.01136, 0.99922, 0.55724,316.40859,1454.60209,2331.90127,-1.57273,-0.08283, 0.00624,
 6.60000,3960.00131,-7.33441,9999.91498, 0.08833, 2.06428,-0.20366,600.00436, 2.06666,-0.00231, 0.01123,-0.00036,-0.02877, 0.03606,-0.01135, 0.99923, 0.55724,316.40875,1454.60223,2331.90127,-1.57273,-0.08283, 0.00624,
 6.70000,4020.00135,-7.55502,9999.91247, 0.08944, 2.06425,-0.20657,600.00449, 2.06666,-0.00237, 0.01299,-0.00036,-0.02950, 0.03606,-0.01135, 0.99923, 0.55724,316.40891,1454.60238,2331.90127,-1.57273,-0.08283, 0.00624,
 6.80000,4080.00139,-7.77877,9999.90994, 0.09069, 2.06422,-0.20956,600.00462, 2.06666,-0.00234, 0.01426,-0.00035,-0.03022, 0.03606,-0.01135, 0.99923, 0.55724,316.40907,1454.60252,2331.90127,-1.57273,-0.08283, 0.00624,
 6.90000,4140.00143,-8.00567,9999.90736, 0.09205, 2.06419,-0.21262,600.00475, 2.06667,-0.00223, 0.01496,-0.00035,-0.03085, 0.03605,-0.01136, 0.99923, 0.55724,316.40923,1454.60266,2331.90127,-1.57273,-0.08283, 0.00624,
 7.00000,4200.00147,-8.23571,9999.90476, 0.09344, 2.06416,-0.21573,600.00488, 2.06667,-0.00207, 0.01507,-0.00035,-0.03134, 0.03605,-0.01138, 0.99923, 0.55724,316.40939,1454.60281,2331.90127,-1.57273,-0.08283, 0.00624,
 7.10000,4260.00151,-8.46888,9999.90212, 0.09482, 2.06413,-0.21888,600.00501, 2.06667,-0.00186, 0.01461,-0.00035,-0.03166, 0.03605,-0.01140, 0.99923, 0.55724,316.40956,1454.60296,2331.90127,-1.57273,-0.08283, 0.00624,
 7.20000,4320.00155,-8.70519,9999.89945, 0.09612, 2.06410,-0.22206,600.00515, 2.06667,-0.00163, 0.01368,-0.00035,-0.03178, 0.03605,-0.01142, 0.99923, 0.55724,316.40973,1454.60311,2331.90127,-1.57273,-0.08283, 0.00624,
 7.30000,4380.00160,-8.94464,9999.89675, 0.09732, 2.06407,-0.22524,600.00528, 2.06667,-0.00140, 0.01239,-0.00035,-0.03170, 0.03605,-0.01144, 0.99924, 0.55724,316.40989,1454.60326,2331.90127,-1.57273,-0.08283, 0.00624,
 7.40000,4440.00164,-9.18722,9999.89402, 0.09837, 2.06404,-0.22840,600.00541, 2.06667,-0.00120, 0.01087,-0.00035,-0.03145, 0.03605,-0.01146, 0.99924, 0.55724,316.41006,1454.60342,2331.90127,-1.57273,-0.08283, 0.00624,
 7.50000,4500.00169,-9.43293,9999.89126, 0.09926, 2.06401,-0.23153,600.00555, 2.06667,-0.00103, 0.00929,-0.00035,-0.03105, 0.03605,-0.01147, 0.99924, 0.55724,316.41023,1454.60357,2331.90127,-1.57273,-0.08283, 0.00624,
 7.60000,4560.00173,-9.68178,9999.88847, 0.10000, 2.06398,-0.23461,600.00569, 2.06667,-0.00091, 0.00778,-0.00035,-0.03055, 0.03605,-0.01148, 0.99924, 0.55724,316.41040,1454.60373,2331.90127,-1.57273,-0.08283, 0.00624,
 7.70000,4620.00178,-9.93375,9999.88565, 0.10060, 2.06395,-0.23764,600.00582, 2.06666,-0.00085, 0.00647,-0.00036,-0.02999, 0.03605,-0.01148, 0.99924, 0.55724,316.41058,1454.60389,2331.90127,-1.57273,-0.08283, 0.00624,
 7.80000,4680.00182,-10.18886,9999.88279, 0.10109, 2.06392,-0.24061,600.00596, 2.06666,-0.00085, 0.00547,-0.00036,-0.02943, 0.03605,-0.01148, 0.99924, 0.55724,316.41075,1454.60405,2331.90127,-1.57273,-0.08283, 0.00624,
 7.90000,4740.00187,-10.44710,9999.87991, 0.10150, 2.06389,-0.24353,600.00610, 2.06666,-0.00090, 0.00484,-0.00036,-0.02892, 0.03605,-0.01148, 0.99924, 0.55724,316.41093,1454.60422,2331.90127,-1.57273,-0.08283, 0.00624,
 8.00000,4800.00192,-10.70845,9999.87700, 0.10186, 2.06386,-0.24640,600.00625, 2.06666,-0.00099, 0.00461,-0.00035,-0.02848, 0.03605,-0.01147, 0.99924, 0.55724,316.41111,1454.60438,2331.90127,-1.57273,-0.08283, 0.00624,
 8.10000,4860.00197,-10.97293,9999.87406, 0.10223, 2.06383,-0.24923,600.00639, 2.06666,-0.00112, 0.00476,-0.00035,-0.02815, 0.03605,-0.01146, 0.99924, 0.55724,316.41129,1454.60455,2331.90127,-1.57273,-0.08283, 0.00624,
 8.20000,4920.00202,-11.24052,9999.87109, 0.10262, 2.06380,-0.25204,600.00654, 2.06666,-0.00127, 0.00527,-0.00035,-0.02796, 0.03605,-0.01144, 0.99924, 0.55724,316.41147,1454.60472,2331.90127,-1.57273,-0.08283, 0.00624,
 8.30000,4980.00207,-11.51121,9999.86809, 0.10309, 2.06377,-0.25483,600.00668, 2.06666,-0.00142, 0.00604,-0.00035,-0.02790, 0.03605,-0.01143, 0.99924, 0.55724,316.41166,1454.60488,2331.90127,-1.57273,-0.08283, 0.00624,
 8.40000,5040.00212,-11.78500,9999.86506, 0.10364, 2.06374,-0.25763,600.00683, 2.06666,-0.00156, 0.00700,-0.00034,-0.02796, 0.03605,-0.01142, 0.99924, 0.55724,316.41184,1454.60506,2331.90127,-1.57273,-0.08283, 0.00624,
 8.50000,5100.00217,-12.06188,9999.86200, 0.10429, 2.06371,-0.26043,600.00698, 2.06666,-0.00168, 0.00805,-0.00034,-0.02813, 0.03605,-0.01141, 0.99924, 0.55724,316.41203,1454.60523,2331.90127,-1.57273,-0.08283, 0.00624,
 8.60000,5160.00222,-12.34185,9999.85891, 0.10504, 2.06368,-0.26326,600.00714, 2.06666,-0.00177, 0.00907,-0.00033,-0.02838, 0.03605,-0.01140, 0.99924, 0.55724,316.41223,1454.60540,2331.90127,-1.57273,-0.08283, 0.00624,
 8.70000,5220.00228,-12.62490,9999.85579, 0.10590, 2.06365,-0.26611,600.00729, 2.06666,-0.00182, 0.00999,-0.00033,-0.02868, 0.03605,-0.01140, 0.99924, 0.55724,316.41242,1454.60558,2331.90127,-1.57273,-0.08283, 0.00624,
 8.80000,5280.00233,-12.91102,9999.85264, 0.10683, 2.06363,-0.26900,600.00745, 2.06666,-0.00183, 0.01072,-0.00033,-0.02899, 0.03605,-0.01139, 0.99924, 0.55724,316.41262,1454.60576,2331.90127,-1.57273,-0.08283, 0.00624,
 8.90000,5340.00239,-13.20020,9999.84946, 0.10782, 2.06360,-0.27191,600.00761, 2.06666,-0.00181, 0.01121,-0.00032,-0.02928, 0.03605,-0.01140, 0.99924, 0.55724,316.41282,1454.60594,2331.90127,-1.57273,-0.08283, 0.00624,
 9.00000,5400.00244,-13.49245,9999.84625, 0.10885, 2.06357,-0.27486,600.00776, 2.06666,-0.00175, 0.01144,-0.00032,-0.02953, 0.03605,-0.01140, 0.99924, 0.55724,316.41301,1454.60612,2331.90127,-1.57273,-0.08283, 0.00624,
 9.10000,5460.00250,-13.78775,9999.84301, 0.10989, 2.06355,-0.27782,600.00792, 2.06666,-0.00167, 0.01141,-0.00032,-0.02971, 0.03605,-0.01141, 0.99924, 0.55724,316.41321,1454.60630,2331.90127,-1.57273,-0.08283, 0.00624,
 9.20000,5520.00256,-14.08611,9999.83975, 0.11091, 2.06352,-0.28080,600.00809, 2.06666,-0.00157, 0.01112,-0.00032,-0.02981, 0.03605,-0.01142, 0.99924, 0.55724,316.41342,1454.60649,2331.90127,-1.57273,-0.08283, 0.00624,
 9.30000,5580.00262,-14.38753,9999.83646, 0.11189, 2.06349,-0.28378,600.00825, 2.06666,-0.00146, 0.01063,-0.00032,-0.02981, 0.03605,-0.01143, 0.99925, 0.55724,316.41362,1454.60667,2331.90127,-1.57273,-0.08283, 0.00624,
 9.40000,5640.00268,-14.69199,9999.83314, 0.11282, 2.06347,-0.28676,600.00841, 2.06666,-0.00136, 0.01000,-0.00032,-0.02973, 0.03605,-0.01144, 0.99925, 0.55724,316.41382,1454.60686,2331.90127,-1.57273,-0.08283, 0.00624,
 9.50000,5700.00274,-14.99950,9999.82979, 0.11368, 2.06344,-0.28973,600.00857, 2.06666,-0.00127, 0.00929,-0.00032,-0.02957, 0.03605,-0.01145, 0.99925, 0.55724,316.41403,1454.60705,2331.90127,-1.57273,-0.08283, 0.00624,
 9.60000,5760.00280,-15.31005,9999.82642, 0.11446, 2.06342,-0.29268,600.00874, 2.06666,-0.00120, 0.00856,-0.00032,-0.02936, 0.03605,-0.01145, 0.99925, 0.55724,316.41424,1454.60724,2331.90127,-1.57273,-0.08283, 0.00624,
 9.70000,5820.00287,-15.62365,9999.82302, 0.11518, 2.06339,-0.29561,600.00890, 2.06666,-0.00115, 0.00789,-0.00032,-0.02910, 0.03605,-0.01145, 0.99925, 0.55724,316.41444,1454.60743,2331.90127,-1.57273,-0.08283, 0.00624,
 9.80000,5880.00293,-15.94028,9999.81960, 0.11583, 2.06337,-0.29850,600.00907, 2.06665,-0.00113, 0.00733,-0.00032,-0.02882, 0.03605,-0.01146, 0.99925, 0.55724,316.41465,1454.60763,2331.90127,-1.57273,-0.08283, 0.00624,
 9.90000,5940.00299,-16.25995,9999.81615, 0.11644, 2.06334,-0.30137,600.00924, 2.06665,-0.00113, 0.00692,-0.00031,-0.02855, 0.03605,-0.01146, 0.99925, 0.55724,316.41487,1454.60782,2331.90127,-1.57273,-0.08283, 0.00624,
10.00000,6000.00306,-16.58265,9999.81267, 0.11702, 2.06331,-0.30422,600.00941, 2.06665,-0.00116, 0.00668,-0.00031,-0.02830, 0.03605,-0.01145, 0.99925, 0.55724,316.41508,1454.60802,2331.90127,-1.57273,-0.08283, 0.00624,
10.10000,6060.00312,-16.90838,9999.80917, 0.11758, 2.06329,-0.30704,600.00958, 2.06665,-0.00121, 0.00662,-0.00031,-0.02810, 0.03605,-0.01145, 0.99925, 0.55724,316.41529,1454.60822,2331.90127,-1.57273,-0.08283, 0.00624,
10.20000,6120.00319,-17.23714,9999.80564, 0.11815, 2.06326,-0.30984,600.00975, 2.06665,-0.00127, 0.00674,-0.00031,-0.02794, 0.03605,-0.01144, 0.99925, 0.55724,316.41551,1454.60842,2331.90127,-1.57273,-0.08283, 0.00624,
10.30000,6180.00325,-17.56891,9999.80209, 0.11873, 2.06324,-0.31263,600.00992, 2.06665,-0.00134, 0.00700,-0.00031,-0.02785, 0.03605,-0.01144, 0.99925, 0.55724,316.41573,1454.60862,2331.90127,-1.57273,-0.08283, 0.00624,
10.40000,6240.00332,-17.90370,9999.79851, 0.11935, 2.06321,-0.31542,600.01010, 2.06665,-0.00141, 0.00738,-0.00030,-0.02782, 0.03605,-0.01143, 0.99925, 0.55724,316.41595,1454.60882,2331.90127,-1.57273,-0.08283, 0.00624,
10.50000,6300.00339,-18.24149,9999.79491, 0.12001, 2.06319,-0.31820,600.01027, 2.06665,-0.00147, 0.00783,-0.00030,-0.02784, 0.03605,-0.01142, 0.99925, 0.55724,316.41617,1454.60902,2331.90127,-1.57273,-0.08283, 0.00624,
10.60000,6360.00346,-18.58229,9999.79128, 0.12071, 2.06317,-0.32099,600.01045, 2.06665,-0.00152, 0.00830,-0.00030,-0.02791, 0.03605,-0.01142, 0.99925, 0.55724,316.41639,1454.60923,2331.90127,-1.57273,-0.08283, 0.00624,
10.70000,6420.00352,-18.92608,9999.78763, 0.12147, 2.06314,-0.32379,600.01063, 2.06665,-0.00155, 0.00874,-0.00029,-0.02801, 0.03605,-0.01142, 0.99925, 0.55724,316.41661,1454.60943,2331.90127,-1.57273,-0.08283, 0.00624,
10.80000,6480.00359,-19.27286,9999.78396, 0.12226, 2.06312,-0.32660,600.01081, 2.06665,-0.00157, 0.00913,-0.00029,-0.02813, 0.03605,-0.01142, 0.99925, 0.55724,316.41684,1454.60964,2331.90127,-1.57273,-0.08283, 0.00624,
10.90000,6540.00366,-19.62264,9999.78026, 0.12309, 2.06310,-0.32942,600.01099, 2.06665,-0.00157, 0.00943,-0.00029,-0.02825, 0.03605,-0.01142, 0.99925, 0.55724,316.41707,1454.60985,2331.90127,-1.57273,-0.08283, 0.00624,
11.00000,6600.00373,-19.97539,9999.77653, 0.12394, 2.06307,-0.33225,600.01117, 2.06665,-0.00155, 0.00961,-0.00029,-0.02836, 0.03605,-0.01142, 0.99925, 0.55724,316.41729,1454.61006,2331.90127,-1.57273,-0.08283, 0.00624,
11.10000,6660.00381,-20.33113,9999.77278, 0.12480, 2.06305,-0.33510,600.01135, 2.06665,-0.00152, 0.00967,-0.00028,-0.02845, 0.03605,-0.01142, 0.99926, 0.55724,316.41752,1454.61027,2331.90127,-1.57273,-0.08283, 0.00624,
11.20000,6720.00388,-20.68983,9999.76901, 0.12566, 2.06303,-0.33795,600.01153, 2.06665,-0.00148, 0.00961,-0.00028,-0.02850, 0.03605,-0.01143, 0.99926, 0.55724,316.41775,1454.61049,2331.90127,-1.57273,-0.08283, 0.00624,
11.30000,6780.00395,-21.05151,9999.76522, 0.12651, 2.06301,-0.34080,600.01172, 2.06665,-0.00143, 0.00944,-0.00028,-0.02851, 0.03605,-0.01143, 0.99926, 0.55724,316.41799,1454.61070,2331.90127,-1.57273,-0.08283, 0.00624,
11.40000,6840.00402,-21.41616,9999.76140, 0.12734, 2.06298,-0.34365,600.01190, 2.06665,-0.00138, 0.00919,-0.00028,-0.02848, 0.03605,-0.01143, 0.99926, 0.55724,316.41822,1454.61092,2331.90127,-1.57273,-0.08283, 0.00624,
11.50000,6900.00410,-21.78377,9999.75756, 0.12815, 2.06296,-0.34650,600.01209, 2.06665,-0.00133, 0.00888,-0.00028,-0.02841, 0.03605,-0.01144, 0.99926, 0.55724,316.41845,1454.61113,2331.90127,-1.57273,-0.08283, 0.00624,
11.60000,6960.00417,-22.15434,9999.75370, 0.12892, 2.06294,-0.34933,600.01227, 2.06665,-0.00129, 0.00855,-0.00028,-0.02831, 0.03605,-0.01144, 0.99926, 0.55724,316.41869,1454.61135,2331.90127,-1.57273,-0.08283, 0.00624,
11.70000,7020.00424,-22.52787,9999.74982, 0.12965, 2.06292,-0.35216,600.01246, 2.06665,-0.00126, 0.00822,-0.00027,-0.02818, 0.03605,-0.01144, 0.99926, 0.55724,316.41892,1454.61157,2331.90127,-1.57273,-0.08283, 0.00624,
11.80000,7080.00432,-22.90435,9999.74592, 0.13036, 2.06290,-0.35497,600.01265, 2.06665,-0.00124, 0.00792,-0.00027,-0.02804, 0.03605,-0.01144, 0.99926, 0.55724,316.41916,1454.61179,2331.90127,-1.57273,-0.08283, 0.00624,
11.90000,7140.00439,-23.28379,9999.74199, 0.13104, 2.06288,-0.35777,600.01284, 2.06664,-0.00124, 0.00768,-0.00027,-0.02789, 0.03605,-0.01145, 0.99926, 0.55724,316.41940,1454.61201,2331.90127,-1.57273,-0.08283, 0.00624,
12.00000,7200.00447,-23.66617,9999.73805, 0.13169, 2.06286,-0.36056,600.01303, 2.06664,-0.00124, 0.00750,-0.00027,-0.02775, 0.03605,-0.01144, 0.99926, 0.55724,316.41964,1454.61224,2331.90127,-1.57273,-0.08283, 0.00624,
12.10000,7260.00454,-24.05150,9999.73408, 0.13234, 2.06284,-0.36333,600.01322, 2.06664,-0.00126, 0.00741,-0.00027,-0.02762, 0.03605,-0.01144, 0.99926, 0.55724,316.41988,1454.61246,2331.90127,-1.57273,-0.08283, 0.00624,
12.20000,7320.00462,-24.43976,9999.73010, 0.13298, 2.06282,-0.36608,600.01341, 2.06664,-0.00128, 0.00741,-0.00026,-0.02752, 0.03605,-0.01144, 0.99926, 0.55724,316.42012,1454.61269,2331.90127,-1.57273,-0.08283, 0.00624,
12.30000,7380.00469,-24.83096,9999.72609, 0.13362, 2.06280,-0.36883,600.01360, 2.06664,-0.00131, 0.00748,-0.00026,-0.02743, 0.03605,-0.01144, 0.99926, 0.55724,316.42036,1454.61291,2331.90127,-1.57273,-0.08283, 0.00624,
12.40000,7440.00477,-25.22509,9999.72207, 0.13428, 2.06278,-0.37158,600.01380, 2.06664,-0.00134, 0.00761,-0.00026,-0.02738, 0.03605,-0.01144, 0.99926, 0.55724,316.42061,1454.61314,2331.90127,-1.57273,-0.08283, 0.00624,
12.50000,7500.00484,-25.62214,9999.71802, 0.13495, 2.06276,-0.37431,600.01399, 2.06664,-0.00137, 0.00778,-0.00026,-0.02735, 0.03605,-0.01143, 0.99926, 0.55724,316.42085,1454.61337,2331.90127,-1.57273,-0.08283, 0.00624,
12.60000,7560.00492,-26.02212,9999.71395, 0.13564, 2.06274,-0.37705,600.01419, 2.06664,-0.00139, 0.00799,-0.00025,-0.02735, 0.03605,-0.01143, 0.99927, 0.55724,316.42110,1454.61360,2331.90127,-1.57273,-0.08283, 0.00624,
12.70000,7620.00499,-26.42501,9999.70987, 0.13635, 2.06272,-0.37979,600.01438, 2.06664,-0.00141, 0.00819,-0.00025,-0.02737, 0.03605,-0.01143, 0.99927, 0.55724,316.42134,1454.61383,2331.90127,-1.57273,-0.08283, 0.00624,
12.80000,7680.00507,-26.83082,9999.70577, 0.13708, 2.06270,-0.38253,600.01458, 2.06664,-0.00142, 0.00838,-0.00025,-0.02740, 0.03605,-0.01143, 0.99927, 0.55724,316.42159,1454.61406,2331.90127,-1.57273,-0.08283, 0.00624,
12.90000,7740.00514,-27.23953,9999.70164, 0.13783, 2.06268,-0.38527,600.01478, 2.06664,-0.00143, 0.00854,-0.00025,-0.02743, 0.03605,-0.01143, 0.99927, 0.55724,316.42184,1454.61429,2331.90127,-1.57273,-0.08283, 0.00624,
13.00000,7800.00522,-27.65114,9999.69750, 0.13859, 2.06267,-0.38802,600.01497, 2.06664,-0.00143, 0.00866,-0.00024,-0.02747, 0.03605,-0.01143, 0.99927, 0.55724,316.42209,1454.61453,2331.90127,-1.57273,-0.08283, 0.00624,
13.10000,7860.00530,-28.06566,9999.69334, 0.13936, 2.06265,-0.39077,600.01517, 2.06664,-0.00141, 0.00872,-0.00024,-0.02749, 0.03605,-0.01143, 0.99927, 0.55724,316.42234,1454.61476,2331.90127,-1.57273,-0.08283, 0.00624,
13.20000,7920.00537,-28.48307,9999.68917, 0.14013, 2.06263,-0.39352,600.01537, 2.06664,-0.00140, 0.00872,-0.00024,-0.02751, 0.03605,-0.01143, 0.99927, 0.55724,316.42260,1454.61500,2331.90127,-1.57273,-0.08283, 0.00624,
13.30000,7980.00545,-28.90337,9999.68497, 0.14090, 2.06261,-0.39627,600.01557, 2.06664,-0.00138, 0.00867,-0.00024,-0.02750, 0.03605,-0.01143, 0.99927, 0.55725,316.42285,1454.61524,2331.90127,-1.57273,-0.08283, 0.00624,
13.40000,8040.00552,-29.32656,9999.68076, 0.14167, 2.06260,-0.39902,600.01577, 2.06664,-0.00135, 0.00858,-0.00023,-0.02748, 0.03605,-0.01143, 0.99927, 0.55725,316.42310,1454.61548,2331.90127,-1.57273,-0.08283, 0.00624,
13.50000,8100.00560,-29.75263,9999.67653, 0.14242, 2.06258,-0.40177,600.01598, 2.06664,-0.00133, 0.00845,-0.00023,-0.02744, 0.03605,-0.01144, 0.99927, 0.55725,316.42336,1454.61571,2331.90127,-1.57273,-0.08283, 0.00624,
13.60000,8160.00567,-30.18159,9999.67228, 0.14316, 2.06256,-0.40452,600.01618, 2.06664,-0.00131, 0.00829,-0.00023,-0.02739, 0.03605,-0.01144, 0.99927, 0.55725,316.42361,1454.61595,2331.90127,-1.57273,-0.08283, 0.00624,
13.70000,8220.00574,-30.61342,9999.66802, 0.14388, 2.06255,-0.40725,600.01638, 2.06664,-0.00129, 0.00813,-0.00023,-0.02732, 0.03605,-0.01144, 0.99927, 0.55725,316.42387,1454.61620,2331.90127,-1.57273,-0.08283, 0.00624,
13.80000,8280.00582,-31.04812,9999.66374, 0.14459, 2.06253,-0.40998,600.01658, 2.06664,-0.00128, 0.00798,-0.00023,-0.02724, 0.03605,-0.01144, 0.99928, 0.55725,316.42412,1454.61644,2331.90127,-1.57273,-0.08283, 0.00624,
13.90000,8340.00589,-31.48570,9999.65945, 0.14528, 2.06252,-0.41270,600.01679, 2.06663,-0.00127, 0.00784,-0.00022,-0.02715, 0.03605,-0.01144, 0.99928, 0.55725,316.42438,1454.61668,2331.90127,-1.57273,-0.08283, 0.00624,
14.00000,8400.00596,-31.92613,9999.65514, 0.14596, 2.06250,-0.41542,600.01699, 2.06663,-0.00127, 0.00774,-0.00022,-0.02707, 0.03605,-0.01144, 0.99928, 0.55725,316.42464,1454.61692,2331.90127,-1.57273,-0.08283, 0.00624,
14.10000,8460.00603,-32.36944,9999.65081, 0.14664, 2.06249,-0.41812,600.01720, 2.06663,-0.00127, 0.00766,-0.00022,-0.02698, 0.03605,-0.01144, 0.99928, 0.55725,316.42490,1454.61717,2331.90127,-1.57273,-0.08283, 0.00624,
14.20000,8520.00611,-32.81560,9999.64647, 0.14730, 2.06247,-0.42082,600.01740, 2.06663,-0.00128, 0.00763,-0.00022,-0.02691, 0.03605,-0.01144, 0.99928, 0.55725,316.42516,1454.61741,2331.90127,-1.57273,-0.08283, 0.00624,
14.30000,8580.00618,-33.26461,9999.64212, 0.14797, 2.06246,-0.42351,600.01761, 2.06663,-0.00129, 0.00763,-0.00021,-0.02684, 0.03605,-0.01144, 0.99928, 0.55725,316.42542,1454.61766,2331.90127,-1.57273,-0.08283, 0.00624,
14.40000,8640.00624,-33.71647,9999.63775, 0.14864, 2.06244,-0.42619,600.01781, 2.06663,-0.00130, 0.00766,-0.00021,-0.02679, 0.03605,-0.01144, 0.99928, 0.55725,316.42568,1454.61791,2331.90127,-1.57273,-0.08283, 0.00624,
14.50000,8700.00631,-34.17118,9999.63337, 0.14931, 2.06243,-0.42887,600.01802, 2.06663,-0.00131, 0.00772,-0.00021,-0.02675, 0.03605,-0.01144, 0.99928, 0.55725,316.42594,1454.61815,2331.90127,-1.57273,-0.08283, 0.00624,
14.60000,8760.00638,-34.62874,9999.62897, 0.14999, 2.06241,-0.43154,600.01823, 2.06663,-0.00132, 0.00780,-0.00021,-0.02672, 0.03605,-0.01144, 0.99928, 0.55725,316.42620,1454.61840,2331.90127,-1.57273,-0.08283, 0.00624,
14.70000,8820.00645,-35.08913,9999.62456, 0.15068, 2.06240,-0.43422,600.01844, 2.06663,-0.00133, 0.00789,-0.00020,-0.02670, 0.03605,-0.01143, 0.99928, 0.55725,316.42647,1454.61865,2331.90127,-1.57273,-0.08283, 0.00624,
14.80000,8880.00651,-35.55235,9999.62013, 0.15137, 2.06239,-0.43689,600.01865, 2.06663,-0.00134, 0.00798,-0.00020,-0.02669, 0.03605,-0.01143, 0.99928, 0.55725,316.42673,1454.61890,2331.90127,-1.57273,-0.08283, 0.00624,
14.90000,8940.00658,-36.01840,9999.61570, 0.15208, 2.06237,-0.43956,600.01885, 2.06663,-0.00134, 0.00805,-0.00020,-0.02669, 0.03605,-0.01143, 0.99928, 0.55725,316.42699,1454.61915,2331.90127,-1.57273,-0.08283, 0.00624,
15.00000,9000.00664,-36.48728,9999.61124, 0.15279, 2.06236,-0.44223,600.01906, 2.06663,-0.00134, 0.00811,-0.00020,-0.02669, 0.03605,-0.01143, 0.99928, 0.55725,316.42726,1454.61941,2331.90127,-1.57273,-0.08283, 0.00624,
15.10000,9060.00671,-36.95898,9999.60678, 0.15351, 2.06235,-0.44490,600.01927, 2.06663,-0.00134, 0.00815,-0.00019,-0.02668, 0.03605,-0.01143, 0.99928, 0.55725,316.42753,1454.61966,2331.90127,-1.57273,-0.08283, 0.00624,
15.20000,9120.00677,-37.43350,9999.60231, 0.15423, 2.06234,-0.44757,600.01948, 2.06663,-0.00133, 0.00817,-0.00019,-0.02667, 0.03605,-0.01143, 0.99929, 0.55725,316.42779,1454.61991,2331.90127,-1.57273,-0.08283, 0.00624,
15.30000,9180.00683,-37.91083,9999.59782, 0.15495, 2.06233,-0.45024,600.01969, 2.06663,-0.00132, 0.00815,-0.00019,-0.02666, 0.03605,-0.01144, 0.99929, 0.55725,316.42806,1454.62016,2331.90127,-1.57273,-0.08283, 0.00624,
15.40000,9240.00689,-38.39097,9999.59332, 0.15567, 2.06231,-0.45291,600.01991, 2.06663,-0.00131, 0.00812,-0.00019,-0.02663, 0.03605,-0.01144, 0.99929, 0.55725,316.42832,1454.62042,2331.90127,-1.57273,-0.08283, 0.00624,
15.50000,9300.00694,-38.87392,9999.58881, 0.15638, 2.06230,-0.45557,600.02012, 2.06663,-0.00130, 0.00806,-0.00018,-0.02660, 0.03605,-0.01144, 0.99929, 0.55725,316.42859,1454.62067,2331.90127,-1.57273,-0.08283, 0.00624,
15.60000,9360.00700,-39.35967,9999.58429, 0.15709, 2.06229,-0.45823,600.02033, 2.06663,-0.00129, 0.00800,-0.00018,-0.02656, 0.03605,-0.01144, 0.99929, 0.55725,316.42886,1454.62093,2331.90127,-1.57273,-0.08283, 0.00624,
15.70000,9420.00705,-39.84822,9999.57975, 0.15779, 2.06228,-0.46088,600.02054, 2.06663,-0.00128, 0.00792,-0.00018,-0.02652, 0.03605,-0.01144, 0.99929, 0.55725,316.42913,1454.62119,2331.90127,-1.57273,-0.08283, 0.00624,
15.80000,9480.00711,-40.33956,9999.57521, 0.15848, 2.06227,-0.46354,600.02075, 2.06663,-0.00127, 0.00784,-0.00018,-0.02646, 0.03605,-0.01144, 0.99929, 0.55725,316.42940,1454.62144,2331.90127,-1.57273,-0.08283, 0.00624,
15.90000,9540.00716,-40.83369,9999.57065, 0.15917, 2.06226,-0.46618,600.02096, 2.06662,-0.00126, 0.00777,-0.00017,-0.02641, 0.03605,-0.01144, 0.99929, 0.55725,316.42967,1454.62170,2331.90127,-1.57273,-0.08283, 0.00624,
16.00000,9600.00721,-41.33062,9999.56609, 0.15985, 2.06225,-0.46882,600.02118, 2.06662,-0.00126, 0.00770,-0.00017,-0.02635, 0.03605,-0.01144, 0.99929, 0.55725,316.42993,1454.62196,2331.90127,-1.57273,-0.08283, 0.00624,
16.10000,9660.00725,-41.83032,9999.56152, 0.16052, 2.06224,-0.47145,600.02139, 2.06662,-0.00126, 0.00765,-0.00017,-0.02629, 0.03605,-0.01144, 0.99929, 0.55725,316.43020,1454.62222,2331.90127,-1.57273,-0.08283, 0.00624,
16.20000,9720.00730,-42.33281,9999.55694, 0.16119, 2.06223,-0.47408,600.02160, 2.06662,-0.00126, 0.00762,-0.00017,-0.02623, 0.03605,-0.01144, 0.99929, 0.55725,316.43047,1454.62248,2331.90127,-1.57273,-0.08283, 0.00624,
16.30000,9780.00734,-42.83807,9999.55234, 0.16185, 2.06222,-0.47670,600.02181, 2.06662,-0.00126, 0.00760,-0.00016,-0.02618, 0.03605,-0.01144, 0.99929, 0.55725,316.43074,1454.62274,2331.90127,-1.57273,-0.08283, 0.00624,
16.40000,9840.00738,-43.34611,9999.54774, 0.16252, 2.06221,-0.47932,600.02203, 2.06662,-0.00127, 0.00760,-0.00016,-0.02614, 0.03605,-0.01144, 0.99929, 0.55725,316.43101,1454.62300,2331.90127,-1.57273,-0.08283, 0.00624,
16.50000,9900.00742,-43.85691,9999.54313, 0.16319, 2.06220,-0.48194,600.02224, 2.06662,-0.00127, 0.00761,-0.00016,-0.02609, 0.03605,-0.01144, 0.99930, 0.55725,316.43129,1454.62326,2331.90127,-1.57273,-0.08283, 0.00624,
16.60000,9960.00746,-44.37048,9999.53852, 0.16385, 2.06220,-0.48454,600.02246, 2.06662,-0.00128, 0.00764,-0.00016,-0.02606, 0.03605,-0.01144, 0.99930, 0.55725,316.43156,1454.62352,2331.90127,-1.57273,-0.08283, 0.00624,
16.70000,10020.00749,-44.88681,9999.53389, 0.16453, 2.06219,-0.48715,600.02267, 2.06662,-0.00128, 0.00767,-0.00015,-0.02603, 0.03605,-0.01144, 0.99930, 0.55725,316.43183,1454.62378,2331.90127,-1.57273,-0.08283, 0.00624,
16.80000,10080.00752,-45.40590,9999.52926, 0.16520, 2.06218,-0.48975,600.02288, 2.06662,-0.00128, 0.00770,-0.00015,-0.02600, 0.03605,-0.01144, 0.99930, 0.55725,316.43210,1454.62404,2331.90127,-1.57273,-0.08283, 0.00624,
16.90000,10140.00755,-45.92774,9999.52462, 0.16588, 2.06217,-0.49235,600.02310, 2.06662,-0.00128, 0.00774,-0.00015,-0.02598, 0.03605,-0.01144, 0.99930, 0.55725,316.43237,1454.62430,2331.90127,-1.57273,-0.08283, 0.00624,
17.00000,10200.00758,-46.45233,9999.51997, 0.16656, 2.06216,-0.49495,600.02331, 2.06662,-0.00129, 0.00776,-0.00015,-0.02596, 0.03605,-0.01144, 0.99930, 0.55725,316.43264,1454.62457,2331.90127,-1.57273,-0.08283, 0.00624,
17.10000,10260.00760,-46.97967,9999.51531, 0.16724, 2.06216,-0.49755,600.02353, 2.06662,-0.00128, 0.00778,-0.00014,-0.02594, 0.03605,-0.01144, 0.99930, 0.55725,316.43292,1454.62483,2331.90127,-1.57273,-0.08283, 0.00624,
17.20000,10320.00763,-47.50974,9999.51065, 0.16793, 2.06215,-0.50014,600.02374, 2.06662,-0.00128, 0.00779,-0.00014,-0.02592, 0.03605,-0.01144, 0.99930, 0.55725,316.43319,1454.62509,2331.90127,-1.57273,-0.08283, 0.00624,
17.30000,10380.00765,-48.04256,9999.50598, 0.16862, 2.06214,-0.50274,600.02395, 2.06662,-0.00128, 0.00779,-0.00014,-0.02589, 0.03605,-0.01144, 0.99930, 0.55725,316.43346,1454.62536,2331.90127,-1.57273,-0.08283, 0.00624,
17.40000,10440.00766,-48.57810,9999.50131, 0.16930, 2.06214,-0.50533,600.02417, 2.06662,-0.00127, 0.00777,-0.00014,-0.02587, 0.03605,-0.01144, 0.99930, 0.55725,316.43373,1454.62562,2331.90127,-1.57273,-0.08283, 0.00624,
17.50000,10500.00767,-49.11638,9999.49663, 0.16998, 2.06213,-0.50791,600.02438, 2.06662,-0.00126, 0.00775,-0.00013,-0.02584, 0.03605,-0.01144, 0.99930, 0.55725,316.43400,1454.62589,2331.90127,-1.57273,-0.08283, 0.00624,
17.60000,10560.00768,-49.65739,9999.49195, 0.17066, 2.06213,-0.51050,600.02460, 2.06662,-0.00126, 0.00771,-0.00013,-0.02580, 0.03605,-0.01144, 0.99930, 0.55725,316.43428,1454.62615,2331.90127,-1.57273,-0.08283, 0.00624,
17.70000,10620.00769,-50.20112,9999.48726, 0.17134, 2.06212,-0.51308,600.02481, 2.06662,-0.00125, 0.00767,-0.00013,-0.02576, 0.03605,-0.01144, 0.99931, 0.55725,316.43455,1454.62642,2331.90127,-1.57273,-0.08283, 0.00624,
17.80000,10680.00769,-50.74757,9999.48256, 0.17201, 2.06212,-0.51565,600.02503, 2.06661,-0.00125, 0.00763,-0.00013,-0.02572, 0.03605,-0.01144, 0.99931, 0.55725,316.43482,1454.62668,2331.90127,-1.57273,-0.08283, 0.00624,
17.90000,10740.00769,-51.29673,9999.47786, 0.17268, 2.06211,-0.51822,600.02524, 2.06661,-0.00124, 0.00759,-0.00012,-0.02568, 0.03605,-0.01144, 0.99931, 0.55725,316.43510,1454.62695,2331.90127,-1.57273,-0.08283, 0.00624,
18.00000,10800.00769,-51.84861,9999.47316, 0.17335, 2.06211,-0.52079,600.02545, 2.06661,-0.00124, 0.00755,-0.00012,-0.02564, 0.03605,-0.01144, 0.99931, 0.55725,316.43537,1454.62721,2331.90127,-1.57273,-0.08283, 0.00624,
18.10000,10860.00768,-52.40319,9999.46845, 0.17401, 2.06210,-0.52336,600.02567, 2.06661,-0.00124, 0.00752,-0.00012,-0.02559, 0.03605,-0.01144, 0.99931, 0.55725,316.43564,1454.62748,2331.90127,-1.57273,-0.08283, 0.00624,
18.20000,10920.00767,-52.96048,9999.46374, 0.17467, 2.06210,-0.52591,600.02588, 2.06661,-0.00124, 0.00749,-0.00012,-0.02555, 0.03605,-0.01144, 0.99931, 0.55725,316.43591,1454.62774,2331.90127,-1.57273,-0.08283, 0.00624,
18.30000,10980.00766,-53.52047,9999.45903, 0.17532, 2.06210,-0.52847,600.02610, 2.06661,-0.00123, 0.00747,-0.00011,-0.02550, 0.03605,-0.01144, 0.99931, 0.55725,316.43619,1454.62801,2331.90127,-1.57273,-0.08283, 0.00624,
18.40000,11040.00764,-54.08316,9999.45431, 0.17598, 2.06209,-0.53102,600.02631, 2.06661,-0.00124, 0.00746,-0.00011,-0.02546, 0.03605,-0.01144, 0.99931, 0.55725,316.43646,1454.62828,2331.90127,-1.57273,-0.08283, 0.00624,
18.50000,11100.00762,-54.64854,9999.44959, 0.17663, 2.06209,-0.53356,600.02652, 2.06661,-0.00124, 0.00746,-0.00011,-0.02542, 0.03605,-0.01144, 0.99931, 0.55725,316.43673,1454.62855,2331.90127,-1.57273,-0.08283, 0.00624,
18.60000,11160.00759,-55.21661,9999.44486, 0.17729, 2.06209,-0.53610,600.02674, 2.06661,-0.00124, 0.00746,-0.00011,-0.02538, 0.03605,-0.01144, 0.99931, 0.55726,316.43700,1454.62881,2331.90127,-1.57273,-0.08283, 0.00624,
18.70000,11220.00756,-55.78737,9999.44014, 0.17794, 2.06208,-0.53864,600.02695, 2.06661,-0.00124, 0.00747,-0.00010,-0.02535, 0.03605,-0.01144, 0.99931, 0.55726,316.43727,1454.62908,2331.90127,-1.57273,-0.08283, 0.00624,
18.80000,11280.00753,-56.36081,9999.43541, 0.17860, 2.06208,-0.54118,600.02716, 2.06661,-0.00124, 0.00748,-0.00010,-0.02532, 0.03605,-0.01144, 0.99931, 0.55726,316.43755,1454.62935,2331.90127,-1.57273,-0.08283, 0.00624,
18.90000,11340.00749,-56.93693,9999.43068, 0.17925, 2.06208,-0.54371,600.02738, 2.06661,-0.00124, 0.00749,-0.00010,-0.02529, 0.03605,-0.01144, 0.99931, 0.55726,316.43782,1454.62961,2331.90127,-1.57273,-0.08283, 0.00624,
19.00000,11400.00744,-57.51572,9999.42595, 0.17991, 2.06208,-0.54624,600.02759, 2.06661,-0.00124, 0.00750,-0.00010,-0.02526, 0.03605,-0.01144, 0.99932, 0.55726,316.43809,1454.62988,2331.90127,-1.57273,-0.08283, 0.00624,
19.10000,11460.00740,-58.09719,9999.42122, 0.18057, 2.06208,-0.54877,600.02780, 2.06661,-0.00124, 0.00750,-0.00009,-0.02523, 0.03605,-0.01144, 0.99932, 0.55726,316.43836,1454.63015,2331.90127,-1.57273,-0.08283, 0.00624,
19.20000,11520.00734,-58.68132,9999.41649, 0.18123, 2.06207,-0.55129,600.02802, 2.06661,-0.00124, 0.00750,-0.00009,-0.02521, 0.03605,-0.01144, 0.99932, 0.55726,316.43863,1454.63042,2331.90127,-1.57273,-0.08283, 0.00624,
19.30000,11580.00729,-59.26812,9999.41176, 0.18189, 2.06207,-0.55381,600.02823, 2.06661,-0.00123, 0.00750,-0.00009,-0.02518, 0.03605,-0.01144, 0.99932, 0.55726,316.43890,1454.63068,2331.90127,-1.57273,-0.08283, 0.00624,
19.40000,11640.00722,-59.85758,9999.40702, 0.18255, 2.06207,-0.55633,600.02844, 2.06661,-0.00123, 0.00749,-0.00009,-0.02515, 0.03605,-0.01144, 0.99932, 0.55726,316.43917,1454.63095,2331.90127,-1.57273,-0.08283, 0.00624,
19.50000,11700.00716,-60.44969,9999.40229, 0.18321, 2.06207,-0.55884,600.02865, 2.06661,-0.00123, 0.00748,-0.00008,-0.02512, 0.03605,-0.01144, 0.99932, 0.55726,316.43944,1454.63122,2331.90127,-1.57273,-0.08283, 0.00624,
19.60000,11760.00708,-61.04446,9999.39756, 0.18386, 2.06207,-0.56136,600.02886, 2.06661,-0.00122, 0.00746,-0.00008,-0.02508, 0.03605,-0.01144, 0.99932, 0.55726,316.43971,1454.63149,2331.90127,-1.57273,-0.08283, 0.00624,
19.70000,11820.00701,-61.64188,9999.39282, 0.18452, 2.06207,-0.56386,600.02907, 2.06661,-0.00122, 0.00744,-0.00008,-0.02505, 0.03605,-0.01144, 0.99932, 0.55726,316.43998,1454.63175,2331.90127,-1.57273,-0.08283, 0.00624,
19.80000,11880.00692,-62.24194,9999.38809, 0.18517, 2.06207,-0.56637,600.02928, 2.06660,-0.00122, 0.00741,-0.00008,-0.02501, 0.03605,-0.01144, 0.99932, 0.55726,316.44025,1454.63202,2331.90127,-1.57273,-0.08283, 0.00624,
19.90000,11940.00684,-62.84465,9999.38336, 0.18582, 2.06207,-0.56887,600.02949, 2.06660,-0.00121, 0.00739,-0.00007,-0.02498, 0.03605,-0.01144, 0.99932, 0.55726,316.44052,1454.63229,2331.90127,-1.57273,-0.08283, 0.00624,
20.00000,12000.00674,-63.44999,9999.37863, 0.18647, 2.06207,-0.57137,600.02970, 2.06660,-0.00121, 0.00736,-0.00007,-0.02494, 0.03605,-0.01144, 0.99932, 0.55726,316.44079,1454.63256,2331.90127,-1.57273,-0.08283, 0.00624,
20.10000,12060.00664,-64.05797,9999.37391, 0.18711, 2.06208,-0.57386,600.02991, 2.06660,-0.00121, 0.00734,-0.00007,-0.02490, 0.03605,-0.01144, 0.99932, 0.55726,316.44105,1454.63282,2331.90127,-1.57273,-0.08283, 0.00624,
20.20000,12120.00654,-64.66858,9999.36918, 0.18776, 2.06208,-0.57635,600.03012, 2.06660,-0.00121, 0.00732,-0.00007,-0.02486, 0.03605,-0.01144, 0.99933, 0.55726,316.44132,1454.63309,2331.90127,-1.57273,-0.08283, 0.00624,
20.30000,12180.00643,-65.28182,9999.36446, 0.18840, 2.06208,-0.57884,600.03033, 2.06660,-0.00120, 0.00730,-0.00006,-0.02482, 0.03605,-0.01144, 0.99933, 0.55726,316.44159,1454.63336,2331.90127,-1.57273,-0.08283, 0.00624,
20.40000,12240.00631,-65.89768,9999.35974, 0.18904, 2.06208,-0.58132,600.03054, 2.06660,-0.00120, 0.00729,-0.00006,-0.02479, 0.03605,-0.01144, 0.99933, 0.55726,316.44185,1454.63362,2331.90127,-1.57273,-0.08283, 0.00624,
20.50000,12300.00619,-66.51617,9999.35502, 0.18968, 2.06208,-0.58380,600.03075, 2.06660,-0.00120, 0.00728,-0.00006,-0.02475, 0.03605,-0.01144, 0.99933, 0.55726,316.44212,1454.63389,2331.90127,-1.57273,-0.08283, 0.00624,
20.60000,12360.00606,-67.13727,9999.35031, 0.19032, 2.06209,-0.58627,600.03095, 2.06660,-0.00120, 0.00727,-0.00006,-0.02471, 0.03605,-0.01144, 0.99933, 0.55726,316.44239,1454.63416,2331.90127,-1.57273,-0.08283, 0.00624,
20.70000,12420.00592,-67.76099,9999.34560, 0.19095, 2.06209,-0.58874,600.03116, 2.06660,-0.00120, 0.00727,-0.00005,-0.02468, 0.03605,-0.01144, 0.99933, 0.55726,316.44265,1454.63442,2331.90127,-1.57273,-0.08283, 0.00624,
20.80000,12480.00578,-68.38731,9999.34089, 0.19159, 2.06209,-0.59121,600.03137, 2.06660,-0.00120, 0.00727,-0.00005,-0.02465, 0.03605,-0.01144, 0.99933, 0.55726,316.44292,1454.63469,2331.90127,-1.57273,-0.08283, 0.00624,
20.90000,12540.00563,-69.01625,9999.33619, 0.19223, 2.06209,-0.59368,600.03157, 2.06660,-0.00120, 0.00727,-0.00005,-0.02462, 0.03605,-0.01144, 0.99933, 0.55726,316.44318,1454.63496,2331.90127,-1.57273,-0.08283, 0.00624,
21.00000,12600.00547,-69.64778,9999.33149, 0.19287, 2.06210,-0.59614,600.03178, 2.06660,-0.00120, 0.00726,-0.00005,-0.02458, 0.03605,-0.01144, 0.99933, 0.55726,316.44344,1454.63522,2331.90127,-1.57273,-0.08283, 0.00624,
21.10000,12660.00531,-70.28192,9999.32680, 0.19351, 2.06210,-0.59860,600.03198, 2.06660,-0.00120, 0.00726,-0.00004,-0.02455, 0.03605,-0.01144, 0.99933, 0.55726,316.44371,1454.63549,2331.90127,-1.57273,-0.08283, 0.00624,
21.20000,12720.00514,-70.91865,9999.32211, 0.19414, 2.06211,-0.60105,600.03219, 2.06660,-0.00120, 0.00726,-0.00004,-0.02452, 0.03605,-0.01144, 0.99933, 0.55726,316.44397,1454.63575,2331.90127,-1.57273,-0.08283, 0.00624,
21.30000,12780.00496,-71.55797,9999.31742, 0.19478, 2.06211,-0.60350,600.03239, 2.06660,-0.00120, 0.00725,-0.00004,-0.02449, 0.03605,-0.01144, 0.99933, 0.55726,316.44423,1454.63602,2331.90127,-1.57273,-0.08283, 0.00624,
21.40000,12840.00478,-72.19988,9999.31274, 0.19542, 2.06212,-0.60595,600.03260, 2.06660,-0.00119, 0.00725,-0.00004,-0.02446, 0.03605,-0.01144, 0.99933, 0.55726,316.44449,1454.63628,2331.90127,-1.57273,-0.08283, 0.00624,
21.50000,12900.00459,-72.84438,9999.30807, 0.19605, 2.06212,-0.60840,600.03280, 2.06660,-0.00119, 0.00724,-0.00003,-0.02443, 0.03605,-0.01144, 0.99934, 0.55726,316.44475,1454.63655,2331.90127,-1.57273,-0.08283, 0.00624,
21.60000,12960.00439,-73.49146,9999.30340, 0.19669, 2.06213,-0.61084,600.03300, 2.06660,-0.00119, 0.00722,-0.00003,-0.02440, 0.03605,-0.01144, 0.99934, 0.55726,316.44501,1454.63681,2331.90127,-1.57273,-0.08283, 0.00624,
21.70000,13020.00418,-74.14111,9999.29874, 0.19732, 2.06213,-0.61328,600.03320, 2.06660,-0.00119, 0.00721,-0.00003,-0.02437, 0.03605,-0.01144, 0.99934, 0.55726,316.44527,1454.63707,2331.90127,-1.57273,-0.08283, 0.00624,
21.80000,13080.00396,-74.79335,9999.29409, 0.19796, 2.06214,-0.61572,600.03340, 2.06660,-0.00118, 0.00719,-0.00003,-0.02433, 0.03605,-0.01144, 0.99934, 0.55726,316.44553,1454.63734,2331.90127,-1.57273,-0.08283, 0.00624,
21.90000,13140.00374,-75.44815,9999.28944, 0.19859, 2.06214,-0.61815,600.03360, 2.06659,-0.00118, 0.00718,-0.00002,-0.02430, 0.03605,-0.01144, 0.99934, 0.55726,316.44578,1454.63760,2331.90127,-1.57273,-0.08283, 0.00624,
22.00000,13200.00351,-76.10552,9999.28480, 0.19922, 2.06215,-0.62058,600.03380, 2.06659,-0.00118, 0.00716,-0.00002,-0.02426, 0.03605,-0.01144, 0.99934, 0.55726,316.44604,1454.63786,2331.90127,-1.57273,-0.08283, 0.00624,
22.10000,13260.00327,-76.76545,9999.28016, 0.19984, 2.06216,-0.62301,600.03400, 2.06659,-0.00118, 0.00714,-0.00002,-0.02423, 0.03605,-0.01144, 0.99934, 0.55726,316.44630,1454.63812,2331.90127,-1.57273,-0.08283, 0.00624,
22.20000,13320.00302,-77.42795,9999.27554, 0.20047, 2.06216,-0.62543,600.03420, 2.06659,-0.00117, 0.00713,-0.00002,-0.02419, 0.03604,-0.01144, 0.99934, 0.55726,316.44655,1454.63839,2331.90127,-1.57273,-0.08283, 0.00624,
22.30000,13380.00277,-78.09300,9999.27092, 0.20109, 2.06217,-0.62785,600.03440, 2.06659,-0.00117, 0.00711,-0.00001,-0.02416, 0.03604,-0.01144, 0.99934, 0.55726,316.44680,1454.63865,2331.90127,-1.57273,-0.08283, 0.00624,
22.40000,13440.00250,-78.76061,9999.26631, 0.20172, 2.06218,-0.63027,600.03460, 2.06659,-0.00117, 0.00710,-0.00001,-0.02412, 0.03604,-0.01144, 0.99934, 0.55726,316.44706,1454.63891,2331.90127,-1.57273,-0.08283, 0.00624,
22.50000,13500.00223,-79.43077,9999.26170, 0.20234, 2.06218,-0.63268,600.03479, 2.06659,-0.00117, 0.00709,-0.00001,-0.02409, 0.03604,-0.01144, 0.99934, 0.55726,316.44731,1454.63917,2331.90127,-1.57273,-0.08283, 0.00624,
22.60000,13560.00195,-80.10347,9999.25711, 0.20296, 2.06219,-0.63509,600.03499, 2.06659,-0.00117, 0.00708,-0.00001,-0.02406, 0.03604,-0.01144, 0.99934, 0.55726,316.44756,1454.63943,2331.90127,-1.57273,-0.08283, 0.00624,
22.70000,13620.00166,-80.77872,9999.25253, 0.20358, 2.06220,-0.63749,600.03518, 2.06659,-0.00117, 0.00707,-0.00000,-0.02402, 0.03604,-0.01144, 0.99934, 0.55726,316.44781,1454.63969,2331.90127,-1.57273,-0.08283, 0.00624,
22.80000,13680.00136,-81.45650,9999.24795, 0.20420, 2.06221,-0.63989,600.03538, 2.06659,-0.00117, 0.00706,-0.00000,-0.02399, 0.03604,-0.01144, 0.99934, 0.55726,316.44806,1454.63994,2331.90127,-1.57273,-0.08283, 0.00624,
22.90000,13740.00105,-82.13683,9999.24338, 0.20482, 2.06222,-0.64229,600.03557, 2.06659,-0.00117, 0.00706, 0.00000,-0.02396, 0.03604,-0.01144, 0.99935, 0.55726,316.44831,1454.64020,2331.90127,-1.57273,-0.08283, 0.00624,
23.00000,13800.00073,-82.81968,9999.23883, 0.20544, 2.06223,-0.64469,600.03576, 2.06659,-0.00116, 0.00705, 0.00000,-0.02393, 0.03604,-0.01145, 0.99935, 0.55726,316.44856,1454.64046,2331.90127,-1.57273,-0.08283, 0.00624,
23.10000,13860.00040,-83.50507,9999.23428, 0.20606, 2.06223,-0.64708,600.03595, 2.06659,-0.00116, 0.00705, 0.00001,-0.02390, 0.03604,-0.01145, 0.99935, 0.55726,316.44881,1454.64072,2331.90127,-1.57273,-0.08283, 0.00624,
23.20000,13920.00006,-84.19298,9999.22974, 0.20668, 2.06224,-0.64947,600.03614, 2.06659,-0.00116, 0.00704, 0.00001,-0.02386, 0.03604,-0.01145, 0.99935, 0.55726,316.44905,1454.64097,2331.90127,-1.57273,-0.08283, 0.00624,
23.30000,13979.99971,-84.88341,9999.22522, 0.20730, 2.06225,-0.65186,600.03633, 2.06659,-0.00116, 0.00703, 0.00001,-0.02383, 0.03604,-0.01145, 0.99935, 0.55726,316.44930,1454.64123,2331.90127,-1.57273,-0.08283, 0.00624,
23.40000,14039.99935,-85.57637,9999.22070, 0.20792, 2.06226,-0.65424,600.03652, 2.06659,-0.00116, 0.00702, 0.00001,-0.02380, 0.03604,-0.01145, 0.99935, 0.55726,316.44954,1454.64149,2331.90127,-1.57273,-0.08283, 0.00624,
23.50000,14099.99898,-86.27183,9999.21620, 0.20853, 2.06227,-0.65662,600.03671, 2.06659,-0.00116, 0.00701, 0.00002,-0.02377, 0.03604,-0.01145, 0.99935, 0.55726,316.44979,1454.64174,2331.90127,-1.57273,-0.08283, 0.00624,
23.60000,14159.99860,-86.96981,9999.21170, 0.20915, 2.06228,-0.65900,600.03690, 2.06659,-0.00115, 0.00700, 0.00002,-0.02374, 0.03604,-0.01145, 0.99935, 0.55726,316.45003,1454.64199,2331.90127,-1.57273,-0.08283, 0.00624,
23.70000,14219.99821,-87.67030,9999.20722, 0.20976, 2.06229,-0.66137,600.03709, 2.06659,-0.00115, 0.00699, 0.00002,-0.02371, 0.03604,-0.01145, 0.99935, 0.55726,316.45027,1454.64225,2331.90127,-1.57273,-0.08283, 0.00624,
23.80000,14279.99781,-88.37330,9999.20275, 0.21037, 2.06230,-0.66374,600.03727, 2.06659,-0.00115, 0.00698, 0.00002,-0.02368, 0.03604,-0.01145, 0.99935, 0.55726,316.45051,1454.64250,2331.90127,-1.57273,-0.08283, 0.00624,
23.90000,14339.99740,-89.07880,9999.19829, 0.21099, 2.06232,-0.66611,600.03746, 2.06659,-0.00115, 0.00697, 0.00002,-0.02364, 0.03604,-0.01145, 0.99935, 0.55726,316.45075,1454.64275,2331.90127,-1.57273,-0.08283, 0.00624,
24.00000,14399.99698,-89.78679,9999.19385, 0.21160, 2.06233,-0.66847,600.03764, 2.06659,-0.00115, 0.00695, 0.00003,-0.02361, 0.03604,-0.01145, 0.99935, 0.55726,316.45099,1454.64300,2331.90127,-1.57273,-0.08283, 0.00624,
24.10000,14459.99655,-90.49728,9999.18941, 0.21221, 2.06234,-0.67084,600.03782, 2.06658,-0.00114, 0.00694, 0.00003,-0.02358, 0.03604,-0.01145, 0.99935, 0.55726,316.45122,1454.64325,2331.90127,-1.57273,-0.08283, 0.00624,
24.20000,14519.99610,-91.21027,9999.18499, 0.21282, 2.06235,-0.67319,600.03801, 2.06658,-0.00114, 0.00693, 0.00003,-0.02354, 0.03604,-0.01145, 0.99935, 0.55726,316.45146,1454.64350,2331.90127,-1.57273,-0.08283, 0.00624,
24.30000,14579.99565,-91.92574,9999.18058, 0.21342, 2.06236,-0.67555,600.03819, 2.06658,-0.00114, 0.00692, 0.00003,-0.02351, 0.03604,-0.01145, 0.99936, 0.55727,316.45170,1454.64375,2331.90127,-1.57273,-0.08283, 0.00624,
24.40000,14639.99518,-92.64370,9999.17619, 0.21403, 2.06237,-0.67790,600.03837, 2.06658,-0.00114, 0.00691, 0.00004,-0.02348, 0.03604,-0.01145, 0.99936, 0.55727,316.45193,1454.64400,2331.90127,-1.57273,-0.08283, 0.00624,
24.50000,14699.99470,-93.36413,9999.17181, 0.21464, 2.06239,-0.68025,600.03855, 2.06658,-0.00114, 0.00689, 0.00004,-0.02345, 0.03604,-0.01145, 0.99936, 0.55727,316.45216,1454.64425,2331.90127,-1.57273,-0.08283, 0.00624,
24.60000,14759.99421,-94.08705,9999.16744, 0.21524, 2.06240,-0.68259,600.03872, 2.06658,-0.00114, 0.00688, 0.00004,-0.02341, 0.03604,-0.01145, 0.99936, 0.55727,316.45239,1454.64450,2331.90127,-1.57273,-0.08283, 0.00624,
24.70000,14819.99370,-94.81244,9999.16309, 0.21584, 2.06241,-0.68493,600.03890, 2.06658,-0.00114, 0.00687, 0.00004,-0.02338, 0.03604,-0.01145, 0.99936, 0.55727,316.45262,1454.64474,2331.90127,-1.57273,-0.08283, 0.00624,
24.80000,14879.99319,-95.54030,9999.15875, 0.21645, 2.06243,-0.68727,600.03908, 2.06658,-0.00113, 0.00687, 0.00004,-0.02335, 0.03604,-0.01145, 0.99936, 0.55727,316.45285,1454.64499,2331.90127,-1.57273,-0.08283, 0.00624,
24.90000,14939.99266,-96.27064,9999.15442, 0.21705, 2.06244,-0.68960,600.03925, 2.06658,-0.00113, 0.00686, 0.00005,-0.02332, 0.03604,-0.01145, 0.99936, 0.55727,316.45308,1454.64523,2331.90127,-1.57273,-0.08283, 0.00624,
25.00000,14999.99212,-97.00343,9999.15011, 0.21765, 2.06245,-0.69194,600.03943, 2.06658,-0.00113, 0.00685, 0.00005,-0.02329, 0.03604,-0.01145, 0.99936, 0.55727,316.45331,1454.64548,2331.90127,-1.57273,-0.08283, 0.00624,
25.10000,15059.99156,-97.73869,9999.14582, 0.21825, 2.06247,-0.69426,600.03960, 2.06658,-0.00113, 0.00684, 0.00005,-0.02325, 0.03604,-0.01145, 0.99936, 0.55727,316.45353,1454.64572,2331.90127,-1.57273,-0.08283, 0.00624,
25.20000,15119.99100,-98.47641,9999.14154, 0.21885, 2.06248,-0.69659,600.03977, 2.06658,-0.00113, 0.00683, 0.00005,-0.02322, 0.03604,-0.01145, 0.99936, 0.55727,316.45375,1454.64596,2331.90127,-1.57273,-0.08283, 0.00624,
25.30000,15179.99042,-99.21658,9999.13727, 0.21945, 2.06250,-0.69891,600.03994, 2.06658,-0.00113, 0.00683, 0.00006,-0.02319, 0.03604,-0.01145, 0.99936, 0.55727,316.45398,1454.64620,2331.90127,-1.57273,-0.08283, 0.00624,
25.40000,15239.98982,-99.95920,9999.13302, 0.22005, 2.06251,-0.70123,600.04011, 2.06658,-0.00113, 0.00682, 0.00006,-0.02316, 0.03604,-0.01145, 0.99936, 0.55727,316.45420,1454.64644,2331.90127,-1.57273,-0.08283, 0.00624,
25.50000,15299.98922,-100.70427,9999.12879, 0.22065, 2.06252,-0.70355,600.04028, 2.06658,-0.00112, 0.00681, 0.00006,-0.02313, 0.03604,-0.01145, 0.99936, 0.55727,316.45442,1454.64668,2331.90127,-1.57273,-0.08283, 0.00624,
25.60000,15359.98860,-101.45178,9999.12457, 0.22124, 2.06254,-0.70586,600.04045, 2.06658,-0.00112, 0.00680, 0.00006,-0.02310, 0.03604,-0.01145, 0.99936, 0.55727,316.45464,1454.64692,2331.90127,-1.57273,-0.08283, 0.00624,
25.70000,15419.98796,-102.20174,9999.12037, 0.22184, 2.06255,-0.70817,600.04062, 2.06658,-0.00112, 0.00679, 0.00006,-0.02307, 0.03604,-0.01145, 0.99936, 0.55727,316.45486,1454.64716,2331.90127,-1.57273,-0.08283, 0.00624,
25.80000,15479.98732,-102.95413,9999.11618, 0.22244, 2.06257,-0.71048,600.04078, 2.06658,-0.00112, 0.00678, 0.00007,-0.02304, 0.03604,-0.01145, 0.99937, 0.55727,316.45507,1454.64739,2331.90127,-1.57273,-0.08283, 0.00624,
25.90000,15539.98666,-103.70896,9999.11202, 0.22303, 2.06259,-0.71278,600.04095, 2.06658,-0.00112, 0.00677, 0.00007,-0.02301, 0.03604,-0.01145, 0.99937, 0.55727,316.45529,1454.64763,2331.90127,-1.57273,-0.08283, 0.00624,
26.00000,15599.98598,-104.46623,9999.10787, 0.22362, 2.06260,-0.71508,600.04111, 2.06658,-0.00111, 0.00675, 0.00007,-0.02298, 0.03604,-0.01145, 0.99937, 0.55727,316.45550,1454.64786,2331.90127,-1.57273,-0.08283, 0.00624,
26.10000,15659.98529,-105.22591,9999.10373, 0.22422, 2.06262,-0.71738,600.04127, 2.06658,-0.00111, 0.00674, 0.00007,-0.02294, 0.03604,-0.01145, 0.99937, 0.55727,316.45571,1454.64810,2331.90127,-1.57273,-0.08283, 0.00624,
26.20000,15719.98458,-105.98803,9999.09962, 0.22481, 2.06263,-0.71967,600.04143, 2.06658,-0.00111, 0.00673, 0.00007,-0.02291, 0.03604,-0.01145, 0.99937, 0.55727,316.45592,1454.64833,2331.90127,-1.57273,-0.08283, 0.00624,
26.30000,15779.98386,-106.75256,9999.09552, 0.22540, 2.06265,-0.72196,600.04159, 2.06658,-0.00111, 0.00672, 0.00008,-0.02288, 0.03604,-0.01145, 0.99937, 0.55727,316.45613,1454.64856,2331.90127,-1.57273,-0.08283, 0.00624,
26.40000,15839.98313,-107.51952,9999.09144, 0.22599, 2.06267,-0.72425,600.04175, 2.06658,-0.00111, 0.00671, 0.00008,-0.02285, 0.03604,-0.01145, 0.99937, 0.55727,316.45634,1454.64879,2331.90127,-1.57273,-0.08283, 0.00624,
26.50000,15899.98238,-108.28889,9999.08737, 0.22657, 2.06268,-0.72654,600.04191, 2.06657,-0.00111, 0.00670, 0.00008,-0.02282, 0.03604,-0.01145, 0.99937, 0.55727,316.45655,1454.64902,2331.90127,-1.57273,-0.08283, 0.00624,
26.60000,15959.98162,-109.06067,9999.08333, 0.22716, 2.06270,-0.72882,600.04207, 2.06657,-0.00111, 0.00669, 0.00008,-0.02279, 0.03604,-0.01145, 0.99937, 0.55727,316.45675,1454.64925,2331.90127,-1.57273,-0.08283, 0.00624,
26.70000,16019.98084,-109.83486,9999.07930, 0.22775, 2.06272,-0.73110,600.04222, 2.06657,-0.00110, 0.00668, 0.00008,-0.02276, 0.03604,-0.01145, 0.99937, 0.55727,316.45695,1454.64948,2331.90127,-1.57273,-0.08283, 0.00624,
26.80000,16079.98004,-110.61146,9999.07530, 0.22833, 2.06274,-0.73337,600.04237, 2.06657,-0.00110, 0.00667, 0.00009,-0.02273, 0.03604,-0.01145, 0.99937, 0.55727,316.45716,1454.64971,2331.90127,-1.57273,-0.08283, 0.00624,
26.90000,16139.97923,-111.39045,9999.07131, 0.22892, 2.06275,-0.73565,600.04253, 2.06657,-0.00110, 0.00666, 0.00009,-0.02269, 0.03604,-0.01145, 0.99937, 0.55727,316.45736,1454.64993,2331.90127,-1.57273,-0.08283, 0.00624,
27.00000,16199.97840,-112.17185,9999.06734, 0.22950, 2.06277,-0.73792,600.04268, 2.06657,-0.00110, 0.00665, 0.00009,-0.02266, 0.03604,-0.01145, 0.99937, 0.55727,316.45756,1454.65016,2331.90127,-1.57273,-0.08283, 0.00624,
27.10000,16259.97756,-112.95564,9999.06339, 0.23009, 2.06279,-0.74018,600.04283, 2.06657,-0.00110, 0.00664, 0.00009,-0.02263, 0.03604,-0.01145, 0.99937, 0.55727,316.45775,1454.65038,2331.90127,-1.57273,-0.08283, 0.00624,
27.20000,16319.97670,-113.74182,9999.05946, 0.23067, 2.06281,-0.74244,600.04298, 2.06657,-0.00110, 0.00664, 0.00009,-0.02260, 0.03604,-0.01145, 0.99937, 0.55727,316.45795,1454.65060,2331.90127,-1.57273,-0.08283, 0.00624,
27.30000,16379.97582,-114.53040,9999.05555, 0.23125, 2.06283,-0.74470,600.04313, 2.06657,-0.00109, 0.00663, 0.00010,-0.02257, 0.03604,-0.01145, 0.99937, 0.55727,316.45814,1454.65082,2331.90127,-1.57273,-0.08283, 0.00624,
27.40000,16439.97492,-115.32136,9999.05166, 0.23183, 2.06285,-0.74696,600.04327, 2.06657,-0.00109, 0.00662, 0.00010,-0.02254, 0.03604,-0.01145, 0.99938, 0.55727,316.45834,1454.65104,2331.90127,-1.57273,-0.08283, 0.00624,
27.50000,16499.97401,-116.11470,9999.04779, 0.23241, 2.06286,-0.74922,600.04342, 2.06657,-0.00109, 0.00661, 0.00010,-0.02251, 0.03604,-0.01145, 0.99938, 0.55727,316.45853,1454.65126,2331.90127,-1.57273,-0.08283, 0.00624,
27.60000,16559.97309,-116.91042,9999.04394, 0.23299, 2.06288,-0.75147,600.04356, 2.06657,-0.00109, 0.00660, 0.00010,-0.02248, 0.03604,-0.01145, 0.99938, 0.55727,316.45872,1454.65148,2331.90127,-1.57273,-0.08283, 0.00624,
27.70000,16619.97214,-117.70851,9999.04012, 0.23357, 2.06290,-0.75372,600.04370, 2.06657,-0.00109, 0.00659, 0.00010,-0.02245, 0.03604,-0.01145, 0.99938, 0.55727,316.45890,1454.65170,2331.90127,-1.57273,-0.08283, 0.00624,
27.80000,16679.97118,-118.50898,9999.03631, 0.23415, 2.06292,-0.75596,600.04384, 2.06657,-0.00109, 0.00658, 0.00010,-0.02242, 0.03604,-0.01145, 0.99938, 0.55727,316.45909,1454.65191,2331.90127,-1.57273,-0.08283, 0.00624,
27.90000,16739.97020,-119.31182,9999.03252, 0.23473, 2.06294,-0.75820,600.04398, 2.06657,-0.00109, 0.00657, 0.00011,-0.02239, 0.03604,-0.01145, 0.99938, 0.55727,316.45928,1454.65212,2331.90127,-1.57273,-0.08283, 0.00624,
28.00000,16799.96920,-120.11703,9999.02876, 0.23530, 2.06296,-0.76044,600.04412, 2.06657,-0.00108, 0.00656, 0.00011,-0.02236, 0.03604,-0.01145, 0.99938, 0.55727,316.45946,1454.65234,2331.90127,-1.57273,-0.08283, 0.00624,
28.10000,16859.96819,-120.92459,9999.02501, 0.23588, 2.06298,-0.76268,600.04426, 2.06657,-0.00108, 0.00655, 0.00011,-0.02233, 0.03604,-0.01145, 0.99938, 0.55727,316.45964,1454.65255,2331.90127,-1.57273,-0.08283, 0.00624,
28.20000,16919.96715,-121.73452,9999.02129, 0.23645, 2.06300,-0.76491,600.04439, 2.06657,-0.00108, 0.00654, 0.00011,-0.02230, 0.03604,-0.01145, 0.99938, 0.55727,316.45982,1454.65276,2331.90127,-1.57273,-0.08283, 0.00624,
28.30000,16979.96610,-122.54681,9999.01759, 0.23702, 2.06302,-0.76714,600.04453, 2.06657,-0.00108, 0.00653, 0.00011,-0.02227, 0.03604,-0.01145, 0.99938, 0.55727,316.46000,1454.65297,2331.90127,-1.57273,-0.08283, 0.00624,
28.40000,17039.96503,-123.36145,9999.01391, 0.23760, 2.06304,-0.76937,600.04466, 2.06657,-0.00108, 0.00652, 0.00012,-0.02224, 0.03604,-0.01145, 0.99938, 0.55727,316.46018,1454.65318,2331.90127,-1.57273,-0.08283, 0.00624,
28.50000,17099.96394,-124.17844,9999.01026, 0.23817, 2.06306,-0.77159,600.04479, 2.06657,-0.00108, 0.00651, 0.00012,-0.02221, 0.03604,-0.01145, 0.99938, 0.55727,316.46035,1454.65338,2331.90127,-1.57273,-0.08283, 0.00624,
28.60000,17159.96283,-124.99777,9999.00662, 0.23874, 2.06309,-0.77381,600.04492, 2.06657,-0.00107, 0.00650, 0.00012,-0.02218, 0.03604,-0.01145, 0.99938, 0.55727,316.46053,1454.65359,2331.90127,-1.57273,-0.08283, 0.00624,
28.70000,17219.96170,-125.81945,9999.00301, 0.23931, 2.06311,-0.77603,600.04505, 2.06657,-0.00107, 0.00649, 0.00012,-0.02215, 0.03604,-0.01145, 0.99938, 0.55727,316.46070,1454.65379,2331.90127,-1.57273,-0.08283, 0.00624,
28.80000,17279.96056,-126.64348,9998.99942, 0.23988, 2.06313,-0.77824,600.04518, 2.06657,-0.00107, 0.00648, 0.00012,-0.02212, 0.03604,-0.01145, 0.99938, 0.55727,316.46087,1454.65400,2331.90127,-1.57273,-0.08283, 0.00624,
28.90000,17339.95939,-127.46984,9998.99586, 0.24044, 2.06315,-0.78046,600.04531, 2.06657,-0.00107, 0.00647, 0.00012,-0.02209, 0.03604,-0.01145, 0.99938, 0.55727,316.46104,1454.65420,2331.90127,-1.57273,-0.08283, 0.00624,
29.00000,17399.95821,-128.29853,9998.99231, 0.24101, 2.06317,-0.78266,600.04543, 2.06657,-0.00107, 0.00646, 0.00013,-0.02206, 0.03604,-0.01145, 0.99938, 0.55727,316.46120,1454.65440,2331.90127,-1.57273,-0.08283, 0.00624,
29.10000,17459.95700,-129.12955,9998.98880, 0.24158, 2.06319,-0.78487,600.04555, 2.06657,-0.00107, 0.00645, 0.00013,-0.02203, 0.03604,-0.01145, 0.99938, 0.55727,316.46137,1454.65460,2331.90127,-1.57273,-0.08283, 0.00624,
29.20000,17519.95577,-129.96291,9998.98530, 0.24214, 2.06322,-0.78707,600.04568, 2.06657,-0.00107, 0.00645, 0.00013,-0.02200, 0.03604,-0.01145, 0.99938, 0.55727,316.46153,1454.65479,2331.90127,-1.57273,-0.08283, 0.00624,
29.30000,17579.95453,-130.79859,9998.98183, 0.24271, 2.06324,-0.78927,600.04580, 2.06657,-0.00106, 0.00644, 0.00013,-0.02197, 0.03604,-0.01145, 0.99938, 0.55727,316.46169,1454.65499,2331.90127,-1.57273,-0.08283, 0.00624,
29.40000,17639.95326,-131.63659,9998.97838, 0.24327, 2.06326,-0.79147,600.04592, 2.06656,-0.00106, 0.00643, 0.00013,-0.02194, 0.03604,-0.01145, 0.99939, 0.55727,316.46185,1454.65519,2331.90127,-1.57273,-0.08283, 0.00624,
29.50000,17699.95198,-132.47691,9998.97496, 0.24384, 2.06328,-0.79366,600.04603, 2.06656,-0.00106, 0.00642, 0.00013,-0.02191, 0.03604,-0.01145, 0.99939, 0.55727,316.46201,1454.65538,2331.90127,-1.57273,-0.08283, 0.00624,
29.60000,17759.95067,-133.31954,9998.97156, 0.24440, 2.06331,-0.79585,600.04615, 2.06656,-0.00106, 0.00641, 0.00014,-0.02188, 0.03604,-0.01145, 0.99939, 0.55727,316.46216,1454.65557,2331.90127,-1.57273,-0.08283, 0.00624,
29.70000,17819.94934,-134.16449,9998.96818, 0.24496, 2.06333,-0.79804,600.04626, 2.06656,-0.00106, 0.00640, 0.00014,-0.02185, 0.03604,-0.01145, 0.99939, 0.55727,316.46232,1454.65576,2331.90127,-1.57273,-0.08283, 0.00624,
29.80000,17879.94799,-135.01175,9998.96483, 0.24552, 2.06335,-0.80023,600.04638, 2.06656,-0.00106, 0.00639, 0.00014,-0.02182, 0.03604,-0.01145, 0.99939, 0.55727,316.46247,1454.65595,2331.90127,-1.57273,-0.08283, 0.00624,
29.90000,17939.94662,-135.86131,9998.96150, 0.24608, 2.06338,-0.80241,600.04649, 2.06656,-0.00106, 0.00638, 0.00014,-0.02179, 0.03604,-0.01145, 0.99939, 0.55727,316.46262,1454.65614,2331.90127,-1.57273,-0.08283, 0.00624,
30.00000,17999.94522,-136.71318,9998.95820, 0.24664, 2.06340,-0.80459,600.04660, 2.06656,-0.00105, 0.00637, 0.00014,-0.02176, 0.03604,-0.01145, 0.99939, 0.55727,316.46277,1454.65633,2331.90127,-1.57273,-0.08283, 0.00624,
