
time,npos,epos,alt,phi,theta,psi,vel,alpha,beta,p,q,r,nx,ny,nz,mach,qbar,ps,

 0.00000, 0.00000, 0.00000,10000.00000, 0.00000, 3.66107, 0.00000,500.00000, 3.66107, 0.00000, 0.00000, 0.00000, 0.00000, 0.06384,-0.01290, 0.99777, 0.46436,219.72452,1454.59743,2110.32836,-2.02784,-0.08632, 0.06835,
 0.10000,50.00000,-0.00206,9999.99997, 0.00018, 3.66107,-0.00005,500.00000, 3.66114,-0.00464, 0.00541, 0.00003,-0.00139, 0.06384,-0.01262, 0.99776, 0.46436,219.72452,1454.59743,2110.32836,-2.02784,-0.08632, 0.06835,
 0.20000,100.00000,-0.00818,9999.99987, 0.00134, 3.66108,-0.00036,500.00002, 3.66122,-0.00886, 0.01931, 0.00010,-0.00526, 0.06384,-0.01237, 0.99777, 0.46436,219.72453,1454.59743,2110.32836,-2.02784,-0.08632, 0.06835,
 0.30000,150.00000,-0.01827,9999.99972, 0.00414, 3.66109,-0.00117,500.00003, 3.66131,-0.01237, 0.03834, 0.00020,-0.01123, 0.06385,-0.01216, 0.99777, 0.46436,219.72455,1454.59744,2110.32836,-2.02784,-0.08632, 0.06835,
 0.40000,200.00000,-0.03225,9999.99950, 0.00893, 3.66112,-0.00267,500.00005, 3.66140,-0.01498, 0.05942, 0.00031,-0.01878, 0.06385,-0.01201, 0.99778, 0.46436,219.72457,1454.59746,2110.32836,-2.02784,-0.08632, 0.06835,
 0.50000,250.00001,-0.05004,9999.99923, 0.01576, 3.66116,-0.00497,500.00008, 3.66150,-0.01658, 0.07985, 0.00043,-0.02732, 0.06385,-0.01193, 0.99780, 0.46436,219.72459,1454.59747,2110.32836,-2.02784,-0.08632, 0.06835,
 0.60000,300.00001,-0.07159,9999.99891, 0.02445, 3.66121,-0.00815,500.00010, 3.66161,-0.01710, 0.09741, 0.00052,-0.03622, 0.06385,-0.01191, 0.99782, 0.46436,219.72461,1454.59749,2110.32836,-2.02784,-0.08632, 0.06835,
 0.70000,350.00002,-0.09683,9999.99854, 0.03463, 3.66126,-0.01222,500.00012, 3.66171,-0.01659, 0.11042, 0.00058,-0.04485, 0.06385,-0.01195, 0.99784, 0.46436,219.72463,1454.59751,2110.32836,-2.02784,-0.08632, 0.06835,
 0.80000,400.00002,-0.12572,9999.99814, 0.04578, 3.66133,-0.01711,500.00013, 3.66181,-0.01515, 0.11777, 0.00059,-0.05265, 0.06385,-0.01205, 0.99787, 0.46436,219.72464,1454.59753,2110.32836,-2.02784,-0.08632, 0.06835,
 0.90000,450.00002,-0.15824,9999.99772, 0.05730, 3.66139,-0.02273,500.00014, 3.66190,-0.01294, 0.11891, 0.00056,-0.05915, 0.06385,-0.01220, 0.99790, 0.46436,219.72465,1454.59756,2110.32836,-2.02784,-0.08632, 0.06835,
 1.00000,500.00002,-0.19436,9999.99727, 0.06860, 3.66145,-0.02891,500.00013, 3.66198,-0.01016, 0.11389, 0.00049,-0.06399, 0.06385,-0.01238, 0.99792, 0.46436,219.72465,1454.59758,2110.32836,-2.02784,-0.08632, 0.06835,
 1.10000,550.00002,-0.23407,9999.99682, 0.07908, 3.66150,-0.03549,500.00012, 3.66203,-0.00703, 0.10320, 0.00036,-0.06697, 0.06385,-0.01257, 0.99794, 0.46436,219.72465,1454.59761,2110.32836,-2.02784,-0.08632, 0.06835,
 1.20000,600.00001,-0.27739,9999.99637, 0.08823, 3.66154,-0.04227,500.00011, 3.66206,-0.00381, 0.08777, 0.00020,-0.06799, 0.06385,-0.01277, 0.99796, 0.46436,219.72463,1454.59763,2110.32836,-2.02784,-0.08632, 0.06835,
 1.30000,650.00000,-0.32433,9999.99593, 0.09565, 3.66156,-0.04905,500.00008, 3.66207,-0.00070, 0.06883, 0.00000,-0.06712, 0.06385,-0.01296, 0.99797, 0.46436,219.72461,1454.59766,2110.32836,-2.02784,-0.08632, 0.06835,
 1.40000,699.99998,-0.37490,9999.99549, 0.10107, 3.66156,-0.05566,500.00005, 3.66206, 0.00208, 0.04784,-0.00020,-0.06455, 0.06385,-0.01312, 0.99795, 0.46436,219.72459,1454.59768,2110.32836,-2.02784,-0.08632, 0.06835,
 1.50000,749.99996,-0.42912,9999.99505, 0.10438, 3.66154,-0.06194,500.00003, 3.66204, 0.00437, 0.02639,-0.00036,-0.06053, 0.06385,-0.01325, 0.99793, 0.46436,219.72457,1454.59771,2110.32836,-2.02784,-0.08632, 0.06835,
 1.60000,799.99993,-0.48702,9999.99462, 0.10561, 3.66151,-0.06776,500.00001, 3.66201, 0.00603, 0.00588,-0.00049,-0.05544, 0.06385,-0.01334, 0.99791, 0.46436,219.72456,1454.59773,2110.32836,-2.02784,-0.08632, 0.06835,
 1.70000,849.99989,-0.54863,9999.99417, 0.10492, 3.66147,-0.07303,499.99999, 3.66197, 0.00701,-0.01245,-0.00059,-0.04971, 0.06385,-0.01339, 0.99790, 0.46436,219.72455,1454.59776,2110.32836,-2.02784,-0.08632, 0.06835,
 1.80000,899.99984,-0.61395,9999.99372, 0.10259, 3.66141,-0.07771,499.99997, 3.66193, 0.00727,-0.02755,-0.00067,-0.04377, 0.06385,-0.01340, 0.99789, 0.46436,219.72454,1454.59778,2110.32836,-2.02784,-0.08632, 0.06835,
 1.90000,949.99979,-0.68301,9999.99325, 0.09898, 3.66135,-0.08181,499.99996, 3.66189, 0.00685,-0.03864,-0.00073,-0.03805, 0.06385,-0.01337, 0.99788, 0.46436,219.72453,1454.59781,2110.32836,-2.02784,-0.08632, 0.06835,
 2.00000,999.99973,-0.75582,9999.99276, 0.09452, 3.66128,-0.08536,499.99996, 3.66185, 0.00582,-0.04528,-0.00078,-0.03292, 0.06385,-0.01330, 0.99788, 0.46436,219.72453,1454.59784,2110.32836,-2.02784,-0.08632, 0.06835,
 2.10000,1049.99967,-0.83237,9999.99225, 0.08966, 3.66120,-0.08844,499.99995, 3.66180, 0.00429,-0.04734,-0.00083,-0.02869, 0.06385,-0.01320, 0.99787, 0.46436,219.72453,1454.59787,2110.32836,-2.02784,-0.08632, 0.06835,
 2.20000,1099.99960,-0.91267,9999.99172, 0.08483, 3.66112,-0.09115,499.99995, 3.66174, 0.00241,-0.04500,-0.00087,-0.02560, 0.06385,-0.01309, 0.99787, 0.46436,219.72453,1454.59790,2110.32836,-2.02784,-0.08632, 0.06835,
 2.30000,1149.99953,-0.99670,9999.99116, 0.08046, 3.66104,-0.09361,499.99995, 3.66169, 0.00032,-0.03875,-0.00090,-0.02379, 0.06385,-0.01296, 0.99787, 0.46436,219.72453,1454.59793,2110.32836,-2.02784,-0.08632, 0.06835,
 2.40000,1199.99944,-1.08445,9999.99059, 0.07688, 3.66095,-0.09596,499.99996, 3.66163,-0.00181,-0.02925,-0.00091,-0.02327, 0.06385,-0.01283, 0.99786, 0.46436,219.72454,1454.59796,2110.32836,-2.02784,-0.08632, 0.06835,
 2.50000,1249.99936,-1.17589,9999.98998, 0.07439, 3.66086,-0.09832,499.99997, 3.66158,-0.00383,-0.01731,-0.00089,-0.02398, 0.06385,-0.01271, 0.99784, 0.46436,219.72456,1454.59799,2110.32836,-2.02784,-0.08632, 0.06835,
 2.60000,1299.99927,-1.27101,9999.98935, 0.07316, 3.66078,-0.10080,500.00000, 3.66154,-0.00562,-0.00395,-0.00083,-0.02580, 0.06385,-0.01260, 0.99782, 0.46436,219.72459,1454.59803,2110.32836,-2.02784,-0.08632, 0.06835,
 2.70000,1349.99917,-1.36977,9999.98867, 0.07328, 3.66070,-0.10352,500.00003, 3.66151,-0.00705, 0.00979,-0.00075,-0.02850, 0.06385,-0.01251, 0.99782, 0.46436,219.72462,1454.59807,2110.32836,-2.02784,-0.08632, 0.06835,
 2.80000,1399.99907,-1.47215,9999.98795, 0.07473, 3.66064,-0.10653,500.00006, 3.66150,-0.00807, 0.02292,-0.00066,-0.03185, 0.06385,-0.01246, 0.99781, 0.46436,219.72465,1454.59811,2110.32836,-2.02784,-0.08632, 0.06835,
 2.90000,1449.99896,-1.57812,9999.98719, 0.07740, 3.66058,-0.10991,500.00010, 3.66149,-0.00862, 0.03456,-0.00056,-0.03556, 0.06385,-0.01243, 0.99781, 0.46436,219.72469,1454.59815,2110.32836,-2.02784,-0.08632, 0.06835,
 3.00000,1499.99886,-1.68765,9999.98638, 0.08111, 3.66053,-0.11366,500.00015, 3.66150,-0.00870, 0.04400,-0.00047,-0.03936, 0.06385,-0.01243, 0.99781, 0.46436,219.72474,1454.59820,2110.32836,-2.02784,-0.08632, 0.06835,
 3.10000,1549.99875,-1.80073,9999.98554, 0.08561, 3.66050,-0.11779,500.00019, 3.66151,-0.00834, 0.05072,-0.00039,-0.04297, 0.06385,-0.01246, 0.99782, 0.46436,219.72478,1454.59824,2110.32836,-2.02784,-0.08632, 0.06835,
 3.20000,1599.99863,-1.91733,9999.98465, 0.09061, 3.66047,-0.12226,500.00024, 3.66152,-0.00759, 0.05445,-0.00034,-0.04615, 0.06385,-0.01251, 0.99782, 0.46436,219.72483,1454.59830,2110.32836,-2.02784,-0.08632, 0.06835,
 3.30000,1649.99851,-2.03745,9999.98372, 0.09581, 3.66044,-0.12702,500.00029, 3.66154,-0.00652, 0.05512,-0.00030,-0.04871, 0.06385,-0.01258, 0.99783, 0.46436,219.72488,1454.59835,2110.32836,-2.02784,-0.08632, 0.06835,
 3.40000,1699.99839,-2.16108,9999.98276, 0.10091, 3.66042,-0.13200,500.00033, 3.66156,-0.00524, 0.05288,-0.00029,-0.05051, 0.06385,-0.01266, 0.99784, 0.46436,219.72492,1454.59840,2110.32836,-2.02784,-0.08632, 0.06835,
 3.50000,1749.99827,-2.28822,9999.98177, 0.10565, 3.66040,-0.13711,500.00037, 3.66157,-0.00384, 0.04808,-0.00030,-0.05147, 0.06385,-0.01274, 0.99785, 0.46436,219.72497,1454.59846,2110.32836,-2.02784,-0.08632, 0.06835,
 3.60000,1799.99813,-2.41887,9999.98075, 0.10980, 3.66038,-0.14228,500.00042, 3.66158,-0.00243, 0.04121,-0.00033,-0.05158, 0.06385,-0.01283, 0.99786, 0.46436,219.72501,1454.59852,2110.32836,-2.02784,-0.08632, 0.06835,
 3.70000,1849.99800,-2.55303,9999.97971, 0.11319, 3.66036,-0.14742,500.00046, 3.66158,-0.00110, 0.03289,-0.00037,-0.05089, 0.06385,-0.01291, 0.99786, 0.46436,219.72506,1454.59857,2110.32836,-2.02784,-0.08632, 0.06835,
 3.80000,1899.99786,-2.69071,9999.97864, 0.11570, 3.66033,-0.15246,500.00050, 3.66158, 0.00006, 0.02377,-0.00043,-0.04949, 0.06385,-0.01298, 0.99786, 0.46436,219.72510,1454.59863,2110.32836,-2.02784,-0.08632, 0.06835,
 3.90000,1949.99771,-2.83192,9999.97754, 0.11731, 3.66029,-0.15732,500.00054, 3.66157, 0.00098, 0.01458,-0.00049,-0.04752, 0.06385,-0.01303, 0.99785, 0.46436,219.72515,1454.59870,2110.32836,-2.02784,-0.08632, 0.06835,
 4.00000,1999.99756,-2.97666,9999.97642, 0.11803, 3.66025,-0.16197,500.00059, 3.66155, 0.00161, 0.00595,-0.00053,-0.04513, 0.06385,-0.01307, 0.99785, 0.46436,219.72519,1454.59876,2110.32836,-2.02784,-0.08632, 0.06835,
 4.10000,2049.99740,-3.12495,9999.97527, 0.11796, 3.66020,-0.16636,500.00063, 3.66154, 0.00194,-0.00158,-0.00056,-0.04253, 0.06385,-0.01308, 0.99784, 0.46436,219.72524,1454.59883,2110.32836,-2.02784,-0.08632, 0.06835,
 4.20000,2099.99723,-3.27678,9999.97410, 0.11722, 3.66016,-0.17049,500.00069, 3.66153, 0.00196,-0.00759,-0.00059,-0.03990, 0.06385,-0.01308, 0.99784, 0.46436,219.72530,1454.59889,2110.32836,-2.02784,-0.08632, 0.06835,
 4.30000,2149.99706,-3.43217,9999.97289, 0.11599, 3.66010,-0.17436,500.00074, 3.66151, 0.00168,-0.01178,-0.00061,-0.03742, 0.06385,-0.01306, 0.99784, 0.46436,219.72535,1454.59896,2110.32836,-2.02784,-0.08632, 0.06835,
 4.40000,2199.99689,-3.59110,9999.97165, 0.11445, 3.66005,-0.17800,500.00080, 3.66149, 0.00115,-0.01400,-0.00063,-0.03526, 0.06385,-0.01302, 0.99784, 0.46436,219.72541,1454.59903,2110.32836,-2.02784,-0.08632, 0.06835,
 4.50000,2249.99670,-3.75359,9999.97038, 0.11281, 3.65999,-0.18145,500.00085, 3.66147, 0.00042,-0.01422,-0.00064,-0.03352, 0.06385,-0.01298, 0.99784, 0.46436,219.72547,1454.59910,2110.32836,-2.02784,-0.08632, 0.06835,
 4.60000,2299.99652,-3.91962,9999.96907, 0.11124, 3.65993,-0.18474,500.00092, 3.66145,-0.00044,-0.01258,-0.00065,-0.03231, 0.06385,-0.01293, 0.99783, 0.46436,219.72553,1454.59918,2110.32836,-2.02784,-0.08632, 0.06835,
 4.70000,2349.99632,-4.08918,9999.96774, 0.10993, 3.65988,-0.18794,500.00098, 3.66144,-0.00137,-0.00926,-0.00065,-0.03166, 0.06385,-0.01287, 0.99783, 0.46436,219.72560,1454.59925,2110.32836,-2.02784,-0.08632, 0.06835,
 4.80000,2399.99613,-4.26227,9999.96637, 0.10903, 3.65982,-0.19110,500.00105, 3.66142,-0.00229,-0.00463,-0.00063,-0.03158, 0.06385,-0.01281, 0.99782, 0.46436,219.72567,1454.59933,2110.32836,-2.02784,-0.08632, 0.06835,
 4.90000,2449.99592,-4.43887,9999.96496, 0.10863, 3.65976,-0.19429,500.00113, 3.66141,-0.00315, 0.00092,-0.00060,-0.03201, 0.06385,-0.01276, 0.99782, 0.46436,219.72575,1454.59941,2110.32836,-2.02784,-0.08632, 0.06835,
 5.00000,2499.99572,-4.61896,9999.96351, 0.10881, 3.65971,-0.19754,500.00121, 3.66141,-0.00389, 0.00693,-0.00056,-0.03290, 0.06385,-0.01271, 0.99781, 0.46436,219.72583,1454.59949,2110.32836,-2.02784,-0.08632, 0.06835,
 5.10000,2549.99550,-4.80254,9999.96203, 0.10959, 3.65966,-0.20089,500.00129, 3.66141,-0.00446, 0.01294,-0.00051,-0.03416, 0.06385,-0.01268, 0.99781, 0.46436,219.72591,1454.59957,2110.32836,-2.02784,-0.08632, 0.06835,
 5.20000,2599.99529,-4.98958,9999.96050, 0.11095, 3.65962,-0.20439,500.00138, 3.66141,-0.00484, 0.01856,-0.00046,-0.03565, 0.06385,-0.01266, 0.99781, 0.46436,219.72600,1454.59966,2110.32836,-2.02784,-0.08632, 0.06835,
 5.30000,2649.99507,-5.18007,9999.95893, 0.11282, 3.65959,-0.20804,500.00146, 3.66142,-0.00501, 0.02340,-0.00041,-0.03727, 0.06385,-0.01265, 0.99782, 0.46436,219.72609,1454.59975,2110.32836,-2.02784,-0.08632, 0.06835,
 5.40000,2699.99484,-5.37401,9999.95733, 0.11512, 3.65955,-0.21186,500.00156, 3.66143,-0.00499, 0.02719,-0.00038,-0.03889, 0.06385,-0.01266, 0.99782, 0.46436,219.72618,1454.59984,2110.32836,-2.02784,-0.08632, 0.06835,
 5.50000,2749.99461,-5.57136,9999.95569, 0.11772, 3.65953,-0.21583,500.00165, 3.66144,-0.00477, 0.02974,-0.00034,-0.04038, 0.06385,-0.01267, 0.99783, 0.46436,219.72627,1454.59993,2110.32836,-2.02784,-0.08632, 0.06835,
 5.60000,2799.99438,-5.77214,9999.95401, 0.12051, 3.65950,-0.21994,500.00174, 3.66146,-0.00439, 0.03095,-0.00032,-0.04167, 0.06385,-0.01270, 0.99783, 0.46436,219.72636,1454.60003,2110.32836,-2.02784,-0.08632, 0.06835,
 5.70000,2849.99414,-5.97633,9999.95230, 0.12334, 3.65948,-0.22417,500.00183, 3.66147,-0.00388, 0.03082,-0.00031,-0.04265, 0.06385,-0.01273, 0.99784, 0.46436,219.72645,1454.60012,2110.32836,-2.02784,-0.08632, 0.06835,
 5.80000,2899.99390,-6.18392,9999.95056, 0.12608, 3.65946,-0.22848,500.00192, 3.66149,-0.00330, 0.02946,-0.00031,-0.04329, 0.06385,-0.01277, 0.99784, 0.46436,219.72655,1454.60022,2110.32836,-2.02784,-0.08632, 0.06835,
 5.90000,2949.99365,-6.39491,9999.94879, 0.12864, 3.65943,-0.23284,500.00202, 3.66150,-0.00267, 0.02703,-0.00033,-0.04356, 0.06385,-0.01280, 0.99785, 0.46436,219.72664,1454.60032,2110.32836,-2.02784,-0.08632, 0.06835,
 6.00000,2999.99339,-6.60930,9999.94699, 0.13091, 3.65941,-0.23720,500.00211, 3.66150,-0.00206, 0.02379,-0.00035,-0.04346, 0.06385,-0.01284, 0.99785, 0.46436,219.72673,1454.60042,2110.32836,-2.02784,-0.08632, 0.06835,
 6.10000,3049.99314,-6.82709,9999.94516, 0.13282, 3.65938,-0.24154,500.00220, 3.66151,-0.00150, 0.01999,-0.00038,-0.04302, 0.06385,-0.01288, 0.99785, 0.46436,219.72683,1454.60053,2110.32836,-2.02784,-0.08632, 0.06835,
 6.20000,3099.99287,-7.04828,9999.94330, 0.13435, 3.65935,-0.24581,500.00230, 3.66151,-0.00102, 0.01593,-0.00041,-0.04229, 0.06385,-0.01290, 0.99785, 0.46436,219.72692,1454.60063,2110.32836,-2.02784,-0.08632, 0.06835,
 6.30000,3149.99260,-7.27287,9999.94143, 0.13547, 3.65932,-0.25000,500.00239, 3.66150,-0.00065, 0.01192,-0.00044,-0.04133, 0.06385,-0.01293, 0.99785, 0.46436,219.72702,1454.60074,2110.32836,-2.02784,-0.08632, 0.06835,
 6.40000,3199.99233,-7.50085,9999.93952, 0.13621, 3.65929,-0.25409,500.00249, 3.66149,-0.00041, 0.00822,-0.00047,-0.04021, 0.06385,-0.01294, 0.99785, 0.46436,219.72712,1454.60085,2110.32836,-2.02784,-0.08632, 0.06835,
 6.50000,3249.99204,-7.73224,9999.93759, 0.13662, 3.65925,-0.25806,500.00259, 3.66148,-0.00031, 0.00506,-0.00051,-0.03904, 0.06385,-0.01294, 0.99785, 0.46436,219.72722,1454.60096,2110.32836,-2.02784,-0.08632, 0.06835,
 6.60000,3299.99176,-7.96702,9999.93564, 0.13675, 3.65920,-0.26191,500.00269, 3.66147,-0.00034, 0.00263,-0.00053,-0.03787, 0.06385,-0.01294, 0.99785, 0.46436,219.72732,1454.60107,2110.32836,-2.02784,-0.08632, 0.06835,
 6.70000,3349.99146,-8.20520,9999.93365, 0.13669, 3.65916,-0.26565,500.00279, 3.66146,-0.00050, 0.00103,-0.00055,-0.03679, 0.06385,-0.01293, 0.99785, 0.46436,219.72742,1454.60118,2110.32836,-2.02784,-0.08632, 0.06835,
 6.80000,3399.99116,-8.44678,9999.93164, 0.13651, 3.65911,-0.26929,500.00290, 3.66144,-0.00076, 0.00032,-0.00056,-0.03587, 0.06385,-0.01291, 0.99784, 0.46436,219.72753,1454.60129,2110.32836,-2.02784,-0.08632, 0.06835,
 6.90000,3449.99086,-8.69174,9999.92961, 0.13632, 3.65906,-0.27285,500.00300, 3.66143,-0.00109, 0.00049,-0.00056,-0.03514, 0.06385,-0.01289, 0.99784, 0.46436,219.72764,1454.60141,2110.32836,-2.02784,-0.08632, 0.06835,
 7.00000,3499.99055,-8.94009,9999.92754, 0.13619, 3.65902,-0.27634,500.00312, 3.66142,-0.00148, 0.00146,-0.00056,-0.03465, 0.06385,-0.01286, 0.99783, 0.46436,219.72775,1454.60152,2110.32836,-2.02784,-0.08632, 0.06835,
 7.10000,3549.99023,-9.19181,9999.92544, 0.13619, 3.65897,-0.27980,500.00323, 3.66141,-0.00189, 0.00311,-0.00055,-0.03440, 0.06385,-0.01284, 0.99783, 0.46436,219.72787,1454.60164,2110.32836,-2.02784,-0.08632, 0.06835,
 7.20000,3599.98991,-9.44690,9999.92330, 0.13639, 3.65892,-0.28325,500.00335, 3.66140,-0.00228, 0.00529,-0.00053,-0.03440, 0.06385,-0.01282, 0.99783, 0.46436,219.72799,1454.60176,2110.32836,-2.02784,-0.08632, 0.06835,
 7.30000,3649.98958,-9.70535,9999.92114, 0.13682, 3.65888,-0.28670,500.00347, 3.66140,-0.00264, 0.00780,-0.00051,-0.03462, 0.06385,-0.01279, 0.99783, 0.46436,219.72811,1454.60189,2110.32836,-2.02784,-0.08632, 0.06835,
 7.40000,3699.98925,-9.96715,9999.91894, 0.13751, 3.65884,-0.29019,500.00359, 3.66139,-0.00294, 0.01045,-0.00048,-0.03503, 0.06385,-0.01278, 0.99783, 0.46436,219.72823,1454.60201,2110.32836,-2.02784,-0.08632, 0.06835,
 7.50000,3749.98891,-10.23229,9999.91671, 0.13846, 3.65880,-0.29373,500.00372, 3.66140,-0.00317, 0.01305,-0.00045,-0.03558, 0.06385,-0.01276, 0.99783, 0.46436,219.72836,1454.60214,2110.32836,-2.02784,-0.08632, 0.06835,
 7.60000,3799.98857,-10.50076,9999.91444, 0.13966, 3.65877,-0.29732,500.00385, 3.66140,-0.00331, 0.01541,-0.00043,-0.03622, 0.06385,-0.01275, 0.99783, 0.46436,219.72848,1454.60226,2110.32836,-2.02784,-0.08632, 0.06835,
 7.70000,3849.98822,-10.77255,9999.91215, 0.14107, 3.65873,-0.30099,500.00398, 3.66140,-0.00335, 0.01740,-0.00040,-0.03690, 0.06385,-0.01275, 0.99783, 0.46436,219.72861,1454.60239,2110.32836,-2.02784,-0.08632, 0.06835,
 7.80000,3899.98787,-11.04765,9999.90982, 0.14265, 3.65870,-0.30472,500.00411, 3.66141,-0.00331, 0.01889,-0.00038,-0.03756, 0.06385,-0.01276, 0.99783, 0.46436,219.72875,1454.60253,2110.32836,-2.02784,-0.08632, 0.06835,
 7.90000,3949.98751,-11.32606,9999.90746, 0.14435, 3.65867,-0.30851,500.00424, 3.66142,-0.00319, 0.01983,-0.00037,-0.03816, 0.06385,-0.01276, 0.99784, 0.46436,219.72888,1454.60266,2110.32836,-2.02784,-0.08632, 0.06835,
 8.00000,3999.98715,-11.60777,9999.90507, 0.14611, 3.65865,-0.31236,500.00437, 3.66142,-0.00301, 0.02017,-0.00036,-0.03865, 0.06385,-0.01278, 0.99784, 0.46436,219.72901,1454.60279,2110.32836,-2.02784,-0.08632, 0.06835,
 8.10000,4049.98678,-11.89277,9999.90265, 0.14787, 3.65862,-0.31625,500.00451, 3.66143,-0.00277, 0.01994,-0.00035,-0.03900, 0.06385,-0.01279, 0.99784, 0.46436,219.72915,1454.60293,2110.32836,-2.02784,-0.08632, 0.06835,
 8.20000,4099.98641,-12.18105,9999.90020, 0.14958, 3.65860,-0.32017,500.00464, 3.66144,-0.00251, 0.01919,-0.00035,-0.03920, 0.06385,-0.01281, 0.99785, 0.46436,219.72928,1454.60307,2110.32836,-2.02784,-0.08632, 0.06835,
 8.30000,4149.98603,-12.47262,9999.89772, 0.15119, 3.65857,-0.32410,500.00478, 3.66144,-0.00223, 0.01800,-0.00036,-0.03924, 0.06385,-0.01283, 0.99785, 0.46436,219.72942,1454.60321,2110.32836,-2.02784,-0.08632, 0.06835,
 8.40000,4199.98564,-12.76747,9999.89522, 0.15267, 3.65855,-0.32803,500.00492, 3.66145,-0.00197, 0.01649,-0.00036,-0.03912, 0.06385,-0.01284, 0.99785, 0.46436,219.72956,1454.60335,2110.32836,-2.02784,-0.08632, 0.06835,
 8.50000,4249.98525,-13.06559,9999.89270, 0.15398, 3.65852,-0.33194,500.00505, 3.66145,-0.00173, 0.01477,-0.00038,-0.03885, 0.06385,-0.01286, 0.99785, 0.46436,219.72969,1454.60349,2110.32836,-2.02784,-0.08632, 0.06835,
 8.60000,4299.98486,-13.36699,9999.89015, 0.15512, 3.65849,-0.33581,500.00519, 3.66145,-0.00153, 0.01298,-0.00039,-0.03846, 0.06385,-0.01287, 0.99785, 0.46436,219.72983,1454.60364,2110.32836,-2.02784,-0.08632, 0.06835,
 8.70000,4349.98445,-13.67166,9999.88757, 0.15609, 3.65846,-0.33964,500.00533, 3.66145,-0.00138, 0.01125,-0.00040,-0.03799, 0.06385,-0.01288, 0.99785, 0.46436,219.72997,1454.60378,2110.32836,-2.02784,-0.08632, 0.06835,
 8.80000,4399.98405,-13.97960,9999.88497, 0.15689, 3.65843,-0.34342,500.00547, 3.66144,-0.00130, 0.00968,-0.00042,-0.03746, 0.06385,-0.01288, 0.99785, 0.46436,219.73012,1454.60393,2110.32836,-2.02784,-0.08632, 0.06835,
 8.90000,4449.98363,-14.29080,9999.88235, 0.15755, 3.65840,-0.34715,500.00561, 3.66144,-0.00127, 0.00837,-0.00043,-0.03691, 0.06385,-0.01288, 0.99785, 0.46436,219.73026,1454.60408,2110.32836,-2.02784,-0.08632, 0.06835,
 9.00000,4499.98321,-14.60526,9999.87970, 0.15810, 3.65837,-0.35082,500.00576, 3.66143,-0.00130, 0.00740,-0.00044,-0.03637, 0.06385,-0.01288, 0.99785, 0.46436,219.73040,1454.60423,2110.32836,-2.02784,-0.08632, 0.06835,
 9.10000,4549.98279,-14.92298,9999.87703, 0.15858, 3.65833,-0.35444,500.00590, 3.66143,-0.00138, 0.00681,-0.00045,-0.03588, 0.06385,-0.01287, 0.99785, 0.46436,219.73055,1454.60438,2110.32836,-2.02784,-0.08632, 0.06835,
 9.20000,4599.98235,-15.24395,9999.87433, 0.15902, 3.65830,-0.35801,500.00605, 3.66142,-0.00150, 0.00660,-0.00045,-0.03547, 0.06385,-0.01286, 0.99785, 0.46436,219.73070,1454.60453,2110.32836,-2.02784,-0.08632, 0.06835,
 9.30000,4649.98191,-15.56818,9999.87161, 0.15946, 3.65826,-0.36155,500.00620, 3.66141,-0.00165, 0.00677,-0.00045,-0.03515, 0.06385,-0.01285, 0.99785, 0.46436,219.73085,1454.60469,2110.32836,-2.02784,-0.08632, 0.06835,
 9.40000,4699.98147,-15.89564,9999.86887, 0.15993, 3.65823,-0.36506,500.00635, 3.66141,-0.00182, 0.00728,-0.00045,-0.03494, 0.06384,-0.01284, 0.99785, 0.46437,219.73100,1454.60484,2110.32836,-2.02784,-0.08632, 0.06835,
 9.50000,4749.98102,-16.22634,9999.86610, 0.16048, 3.65819,-0.36856,500.00651, 3.66140,-0.00200, 0.00807,-0.00044,-0.03483, 0.06384,-0.01283, 0.99785, 0.46437,219.73116,1454.60500,2110.32836,-2.02784,-0.08632, 0.06835,
 9.60000,4799.98056,-16.56027,9999.86330, 0.16111, 3.65816,-0.37205,500.00666, 3.66140,-0.00217, 0.00906,-0.00043,-0.03482, 0.06384,-0.01282, 0.99785, 0.46437,219.73131,1454.60516,2110.32836,-2.02784,-0.08632, 0.06835,
 9.70000,4849.98010,-16.89742,9999.86048, 0.16185, 3.65813,-0.37554,500.00682, 3.66140,-0.00231, 0.01017,-0.00042,-0.03491, 0.06384,-0.01281, 0.99785, 0.46437,219.73147,1454.60532,2110.32836,-2.02784,-0.08632, 0.06835,
 9.80000,4899.97963,-17.23779,9999.85763, 0.16270, 3.65810,-0.37905,500.00698, 3.66140,-0.00244, 0.01132,-0.00041,-0.03508, 0.06384,-0.01281, 0.99785, 0.46437,219.73163,1454.60548,2110.32836,-2.02784,-0.08632, 0.06835,
 9.90000,4949.97916,-17.58137,9999.85476, 0.16366, 3.65807,-0.38257,500.00714, 3.66140,-0.00252, 0.01242,-0.00039,-0.03530, 0.06384,-0.01280, 0.99785, 0.46437,219.73179,1454.60564,2110.32836,-2.02784,-0.08632, 0.06835,
10.00000,4999.97868,-17.92815,9999.85186, 0.16473, 3.65804,-0.38612,500.00730, 3.66140,-0.00257, 0.01340,-0.00038,-0.03556, 0.06384,-0.01280, 0.99785, 0.46437,219.73195,1454.60580,2110.32836,-2.02784,-0.08632, 0.06835,
10.10000,5049.97819,-18.27812,9999.84893, 0.16588, 3.65801,-0.38970,500.00747, 3.66140,-0.00257, 0.01420,-0.00037,-0.03582, 0.06384,-0.01280, 0.99785, 0.46437,219.73212,1454.60597,2110.32836,-2.02784,-0.08632, 0.06835,
10.20000,5099.97770,-18.63128,9999.84598, 0.16710, 3.65798,-0.39330,500.00763, 3.66140,-0.00254, 0.01477,-0.00036,-0.03607, 0.06384,-0.01280, 0.99785, 0.46437,219.73228,1454.60613,2110.32836,-2.02784,-0.08632, 0.06835,
10.30000,5149.97720,-18.98763,9999.84301, 0.16836, 3.65796,-0.39693,500.00780, 3.66140,-0.00248, 0.01509,-0.00035,-0.03629, 0.06384,-0.01281, 0.99785, 0.46437,219.73245,1454.60630,2110.32836,-2.02784,-0.08632, 0.06835,
10.40000,5199.97669,-19.34715,9999.84001, 0.16965, 3.65793,-0.40057,500.00796, 3.66141,-0.00239, 0.01515,-0.00035,-0.03646, 0.06384,-0.01281, 0.99786, 0.46437,219.73262,1454.60647,2110.32836,-2.02784,-0.08632, 0.06835,
10.50000,5249.97618,-19.70985,9999.83699, 0.17092, 3.65791,-0.40423,500.00813, 3.66141,-0.00228, 0.01497,-0.00034,-0.03656, 0.06384,-0.01282, 0.99786, 0.46437,219.73278,1454.60664,2110.32836,-2.02784,-0.08632, 0.06835,
10.60000,5299.97567,-20.07571,9999.83395, 0.17217, 3.65789,-0.40790,500.00830, 3.66141,-0.00216, 0.01457,-0.00034,-0.03660, 0.06384,-0.01283, 0.99786, 0.46437,219.73295,1454.60681,2110.32836,-2.02784,-0.08632, 0.06835,
10.70000,5349.97514,-20.44473,9999.83089, 0.17336, 3.65786,-0.41156,500.00847, 3.66141,-0.00204, 0.01399,-0.00034,-0.03656, 0.06384,-0.01283, 0.99786, 0.46437,219.73312,1454.60699,2110.32836,-2.02784,-0.08632, 0.06835,
10.80000,5399.97461,-20.81691,9999.82780, 0.17449, 3.65784,-0.41522,500.00864, 3.66141,-0.00192, 0.01329,-0.00035,-0.03645, 0.06384,-0.01284, 0.99786, 0.46437,219.73329,1454.60716,2110.32836,-2.02784,-0.08632, 0.06835,
10.90000,5449.97408,-21.19224,9999.82470, 0.17555, 3.65782,-0.41887,500.00881, 3.66141,-0.00182, 0.01251,-0.00035,-0.03629, 0.06384,-0.01285, 0.99786, 0.46437,219.73347,1454.60734,2110.32836,-2.02784,-0.08632, 0.06835,
11.00000,5499.97354,-21.57072,9999.82157, 0.17653, 3.65779,-0.42249,500.00899, 3.66141,-0.00174, 0.01172,-0.00035,-0.03608, 0.06384,-0.01285, 0.99786, 0.46437,219.73364,1454.60751,2110.32836,-2.02784,-0.08632, 0.06835,
11.10000,5549.97299,-21.95235,9999.81842, 0.17743, 3.65777,-0.42610,500.00916, 3.66141,-0.00168, 0.01097,-0.00036,-0.03583, 0.06384,-0.01285, 0.99786, 0.46437,219.73381,1454.60769,2110.32836,-2.02784,-0.08632, 0.06835,
11.20000,5599.97243,-22.33712,9999.81526, 0.17827, 3.65774,-0.42967,500.00933, 3.66140,-0.00165, 0.01030,-0.00036,-0.03556, 0.06384,-0.01286, 0.99786, 0.46437,219.73399,1454.60787,2110.32836,-2.02784,-0.08632, 0.06835,
11.30000,5649.97187,-22.72503,9999.81207, 0.17904, 3.65772,-0.43322,500.00951, 3.66140,-0.00164, 0.00976,-0.00037,-0.03529, 0.06384,-0.01286, 0.99786, 0.46437,219.73416,1454.60805,2110.32836,-2.02784,-0.08632, 0.06835,
11.40000,5699.97130,-23.11607,9999.80887, 0.17977, 3.65769,-0.43675,500.00968, 3.66140,-0.00166, 0.00937,-0.00037,-0.03503, 0.06384,-0.01285, 0.99786, 0.46437,219.73434,1454.60823,2110.32836,-2.02784,-0.08632, 0.06835,
11.50000,5749.97072,-23.51024,9999.80565, 0.18048, 3.65767,-0.44025,500.00986, 3.66140,-0.00170, 0.00915,-0.00037,-0.03479, 0.06384,-0.01285, 0.99786, 0.46437,219.73452,1454.60842,2110.32836,-2.02784,-0.08632, 0.06835,
11.60000,5799.97014,-23.90753,9999.80240, 0.18116, 3.65764,-0.44372,500.01004, 3.66139,-0.00176, 0.00910,-0.00037,-0.03459, 0.06384,-0.01285, 0.99786, 0.46437,219.73470,1454.60860,2110.32836,-2.02784,-0.08632, 0.06835,
11.70000,5849.96955,-24.30794,9999.79914, 0.18186, 3.65761,-0.44718,500.01022, 3.66139,-0.00182, 0.00921,-0.00037,-0.03444, 0.06384,-0.01284, 0.99786, 0.46437,219.73488,1454.60878,2110.32836,-2.02784,-0.08632, 0.06835,
11.80000,5899.96895,-24.71146,9999.79586, 0.18257, 3.65759,-0.45062,500.01040, 3.66139,-0.00190, 0.00946,-0.00036,-0.03432, 0.06384,-0.01284, 0.99786, 0.46437,219.73506,1454.60897,2110.32836,-2.02784,-0.08632, 0.06835,
11.90000,5949.96835,-25.11809,9999.79256, 0.18332, 3.65756,-0.45406,500.01059, 3.66138,-0.00197, 0.00982,-0.00036,-0.03426, 0.06384,-0.01283, 0.99786, 0.46437,219.73525,1454.60916,2110.32836,-2.02784,-0.08632, 0.06835,
12.00000,5999.96774,-25.52782,9999.78923, 0.18410, 3.65754,-0.45749,500.01077, 3.66138,-0.00204, 0.01026,-0.00035,-0.03424, 0.06384,-0.01283, 0.99786, 0.46437,219.73543,1454.60934,2110.32836,-2.02784,-0.08632, 0.06835,
12.10000,6049.96712,-25.94065,9999.78589, 0.18493, 3.65752,-0.46092,500.01096, 3.66138,-0.00210, 0.01075,-0.00035,-0.03426, 0.06384,-0.01283, 0.99786, 0.46437,219.73562,1454.60953,2110.32836,-2.02784,-0.08632, 0.06835,
12.20000,6099.96649,-26.35657,9999.78254, 0.18581, 3.65749,-0.46436,500.01114, 3.66138,-0.00215, 0.01124,-0.00034,-0.03431, 0.06384,-0.01282, 0.99787, 0.46437,219.73580,1454.60972,2110.32836,-2.02784,-0.08632, 0.06835,
12.30000,6149.96586,-26.77558,9999.77916, 0.18674, 3.65747,-0.46780,500.01133, 3.66138,-0.00218, 0.01169,-0.00033,-0.03438, 0.06384,-0.01282, 0.99787, 0.46437,219.73599,1454.60991,2110.32836,-2.02784,-0.08632, 0.06835,
12.40000,6199.96522,-27.19766,9999.77576, 0.18771, 3.65745,-0.47125,500.01152, 3.66138,-0.00219, 0.01209,-0.00032,-0.03446, 0.06384,-0.01282, 0.99787, 0.46437,219.73618,1454.61010,2110.32836,-2.02784,-0.08632, 0.06835,
12.50000,6249.96457,-27.62282,9999.77235, 0.18871, 3.65743,-0.47471,500.01171, 3.66138,-0.00219, 0.01240,-0.00032,-0.03455, 0.06384,-0.01282, 0.99787, 0.46437,219.73637,1454.61030,2110.32836,-2.02784,-0.08632, 0.06835,
12.60000,6299.96392,-28.05104,9999.76892, 0.18974, 3.65741,-0.47817,500.01190, 3.66138,-0.00217, 0.01261,-0.00031,-0.03462, 0.06384,-0.01282, 0.99787, 0.46437,219.73656,1454.61049,2110.32836,-2.02784,-0.08632, 0.06835,
12.70000,6349.96326,-28.48233,9999.76547, 0.19079, 3.65739,-0.48165,500.01209, 3.66138,-0.00214, 0.01270,-0.00031,-0.03468, 0.06384,-0.01282, 0.99787, 0.46437,219.73675,1454.61069,2110.32836,-2.02784,-0.08632, 0.06835,
12.80000,6399.96259,-28.91667,9999.76200, 0.19184, 3.65737,-0.48512,500.01228, 3.66138,-0.00209, 0.01269,-0.00030,-0.03472, 0.06384,-0.01283, 0.99787, 0.46437,219.73694,1454.61088,2110.32836,-2.02784,-0.08632, 0.06835,
12.90000,6449.96192,-29.35407,9999.75852, 0.19288, 3.65735,-0.48860,500.01247, 3.66138,-0.00204, 0.01257,-0.00030,-0.03472, 0.06384,-0.01283, 0.99787, 0.46437,219.73714,1454.61108,2110.32836,-2.02784,-0.08632, 0.06835,
13.00000,6499.96123,-29.79451,9999.75502, 0.19391, 3.65733,-0.49208,500.01266, 3.66138,-0.00198, 0.01236,-0.00030,-0.03470, 0.06384,-0.01283, 0.99787, 0.46437,219.73733,1454.61128,2110.32836,-2.02784,-0.08632, 0.06835,
13.10000,6549.96054,-30.23800,9999.75151, 0.19491, 3.65731,-0.49556,500.01286, 3.66138,-0.00193, 0.01208,-0.00030,-0.03464, 0.06384,-0.01284, 0.99787, 0.46437,219.73753,1454.61148,2110.32836,-2.02784,-0.08632, 0.06835,
13.20000,6599.95984,-30.68452,9999.74798, 0.19588, 3.65730,-0.49902,500.01305, 3.66138,-0.00188, 0.01174,-0.00030,-0.03456, 0.06384,-0.01284, 0.99788, 0.46437,219.73772,1454.61168,2110.32836,-2.02784,-0.08632, 0.06835,
13.30000,6649.95914,-31.13408,9999.74443, 0.19681, 3.65728,-0.50248,500.01325, 3.66138,-0.00184, 0.01139,-0.00030,-0.03445, 0.06384,-0.01284, 0.99788, 0.46437,219.73792,1454.61188,2110.32836,-2.02784,-0.08632, 0.06835,
13.40000,6699.95842,-31.58666,9999.74087, 0.19771, 3.65726,-0.50593,500.01344, 3.66138,-0.00180, 0.01104,-0.00030,-0.03432, 0.06384,-0.01284, 0.99788, 0.46437,219.73811,1454.61208,2110.32836,-2.02784,-0.08632, 0.06835,
13.50000,6749.95770,-32.04228,9999.73730, 0.19858, 3.65724,-0.50936,500.01364, 3.66137,-0.00178, 0.01071,-0.00030,-0.03418, 0.06384,-0.01285, 0.99788, 0.46437,219.73831,1454.61228,2110.32836,-2.02784,-0.08632, 0.06835,
13.60000,6799.95697,-32.50091,9999.73372, 0.19942, 3.65723,-0.51278,500.01383, 3.66137,-0.00176, 0.01042,-0.00030,-0.03403, 0.06384,-0.01285, 0.99788, 0.46437,219.73851,1454.61248,2110.32836,-2.02784,-0.08632, 0.06835,
13.70000,6849.95623,-32.96256,9999.73011, 0.20023, 3.65721,-0.51618,500.01403, 3.66137,-0.00176, 0.01019,-0.00030,-0.03388, 0.06384,-0.01285, 0.99788, 0.46437,219.73870,1454.61269,2110.32836,-2.02784,-0.08632, 0.06835,
13.80000,6899.95549,-33.42721,9999.72650, 0.20103, 3.65719,-0.51957,500.01423, 3.66137,-0.00177, 0.01003,-0.00030,-0.03374, 0.06384,-0.01285, 0.99788, 0.46437,219.73890,1454.61289,2110.32836,-2.02784,-0.08632, 0.06835,
13.90000,6949.95473,-33.89488,9999.72287, 0.20181, 3.65717,-0.52294,500.01443, 3.66137,-0.00179, 0.00995,-0.00029,-0.03361, 0.06384,-0.01284, 0.99788, 0.46437,219.73910,1454.61309,2110.32836,-2.02784,-0.08632, 0.06835,
14.00000,6999.95397,-34.36555,9999.71923, 0.20259, 3.65715,-0.52630,500.01463, 3.66136,-0.00181, 0.00994,-0.00029,-0.03350, 0.06384,-0.01284, 0.99788, 0.46437,219.73930,1454.61330,2110.32836,-2.02784,-0.08632, 0.06835,
14.10000,7049.95320,-34.83921,9999.71558, 0.20337, 3.65714,-0.52966,500.01483, 3.66136,-0.00184, 0.00999,-0.00029,-0.03341, 0.06384,-0.01284, 0.99788, 0.46437,219.73950,1454.61351,2110.32836,-2.02784,-0.08632, 0.06835,
14.20000,7099.95242,-35.31587,9999.71191, 0.20416, 3.65712,-0.53300,500.01503, 3.66136,-0.00187, 0.01011,-0.00029,-0.03334, 0.06384,-0.01284, 0.99788, 0.46437,219.73971,1454.61371,2110.32836,-2.02784,-0.08632, 0.06835,
14.30000,7149.95163,-35.79551,9999.70824, 0.20497, 3.65710,-0.53634,500.01523, 3.66136,-0.00190, 0.01027,-0.00028,-0.03328, 0.06384,-0.01284, 0.99788, 0.46437,219.73991,1454.61392,2110.32836,-2.02784,-0.08632, 0.06835,
14.40000,7199.95084,-36.27813,9999.70454, 0.20579, 3.65709,-0.53967,500.01543, 3.66136,-0.00193, 0.01046,-0.00028,-0.03325, 0.06384,-0.01284, 0.99788, 0.46437,219.74011,1454.61413,2110.32836,-2.02784,-0.08632, 0.06835,
14.50000,7249.95003,-36.76373,9999.70084, 0.20663, 3.65707,-0.54300,500.01564, 3.66135,-0.00195, 0.01066,-0.00027,-0.03323, 0.06384,-0.01283, 0.99788, 0.46437,219.74032,1454.61434,2110.32836,-2.02784,-0.08632, 0.06835,
14.60000,7299.94922,-37.25230,9999.69713, 0.20750, 3.65706,-0.54633,500.01584, 3.66135,-0.00197, 0.01086,-0.00027,-0.03323, 0.06384,-0.01283, 0.99788, 0.46437,219.74052,1454.61455,2110.32836,-2.02784,-0.08632, 0.06835,
14.70000,7349.94840,-37.74384,9999.69340, 0.20838, 3.65704,-0.54966,500.01604, 3.66135,-0.00198, 0.01104,-0.00026,-0.03323, 0.06384,-0.01283, 0.99788, 0.46437,219.74072,1454.61476,2110.32836,-2.02784,-0.08632, 0.06835,
14.80000,7399.94756,-38.23834,9999.68966, 0.20928, 3.65703,-0.55299,500.01625, 3.66135,-0.00198, 0.01120,-0.00026,-0.03324, 0.06384,-0.01283, 0.99789, 0.46437,219.74093,1454.61497,2110.32836,-2.02784,-0.08632, 0.06835,
14.90000,7449.94672,-38.73579,9999.68591, 0.21019, 3.65702,-0.55632,500.01645, 3.66135,-0.00198, 0.01131,-0.00025,-0.03325, 0.06384,-0.01283, 0.99789, 0.46437,219.74114,1454.61518,2110.32836,-2.02784,-0.08632, 0.06835,
15.00000,7499.94588,-39.23620,9999.68215, 0.21112, 3.65700,-0.55966,500.01666, 3.66135,-0.00196, 0.01138,-0.00025,-0.03325, 0.06384,-0.01283, 0.99789, 0.46437,219.74134,1454.61540,2110.32836,-2.02784,-0.08632, 0.06835,
15.10000,7549.94502,-39.73955,9999.67838, 0.21204, 3.65699,-0.56299,500.01686, 3.66135,-0.00195, 0.01139,-0.00024,-0.03324, 0.06384,-0.01283, 0.99789, 0.46437,219.74155,1454.61561,2110.32836,-2.02784,-0.08632, 0.06835,
15.20000,7599.94415,-40.24584,9999.67460, 0.21297, 3.65698,-0.56632,500.01707, 3.66135,-0.00192, 0.01136,-0.00024,-0.03323, 0.06384,-0.01284, 0.99789, 0.46437,219.74175,1454.61582,2110.32836,-2.02784,-0.08632, 0.06835,
15.30000,7649.94327,-40.75507,9999.67081, 0.21389, 3.65697,-0.56965,500.01727, 3.66135,-0.00190, 0.01129,-0.00024,-0.03319, 0.06384,-0.01284, 0.99789, 0.46437,219.74196,1454.61604,2110.32836,-2.02784,-0.08632, 0.06835,
15.40000,7699.94239,-41.26723,9999.66701, 0.21480, 3.65696,-0.57297,500.01748, 3.66135,-0.00187, 0.01117,-0.00024,-0.03315, 0.06384,-0.01284, 0.99789, 0.46438,219.74217,1454.61625,2110.32836,-2.02784,-0.08632, 0.06835,
15.50000,7749.94149,-41.78232,9999.66321, 0.21570, 3.65695,-0.57629,500.01769, 3.66135,-0.00185, 0.01103,-0.00023,-0.03309, 0.06384,-0.01284, 0.99789, 0.46438,219.74238,1454.61647,2110.32836,-2.02784,-0.08632, 0.06835,
15.60000,7799.94059,-42.30033,9999.65939, 0.21658, 3.65693,-0.57960,500.01789, 3.66135,-0.00183, 0.01087,-0.00023,-0.03302, 0.06384,-0.01284, 0.99789, 0.46438,219.74259,1454.61668,2110.32836,-2.02784,-0.08632, 0.06835,
15.70000,7849.93968,-42.82126,9999.65557, 0.21745, 3.65692,-0.58291,500.01810, 3.66134,-0.00181, 0.01071,-0.00023,-0.03294, 0.06384,-0.01284, 0.99789, 0.46438,219.74279,1454.61690,2110.32836,-2.02784,-0.08632, 0.06835,
15.80000,7899.93875,-43.34510,9999.65173, 0.21830, 3.65691,-0.58620,500.01831, 3.66134,-0.00179, 0.01054,-0.00023,-0.03286, 0.06384,-0.01284, 0.99789, 0.46438,219.74300,1454.61712,2110.32836,-2.02784,-0.08632, 0.06835,
15.90000,7949.93782,-43.87185,9999.64789, 0.21914, 3.65690,-0.58949,500.01852, 3.66134,-0.00178, 0.01039,-0.00023,-0.03277, 0.06384,-0.01284, 0.99790, 0.46438,219.74321,1454.61733,2110.32836,-2.02784,-0.08632, 0.06835,
16.00000,7999.93687,-44.40150,9999.64405, 0.21996, 3.65689,-0.59277,500.01872, 3.66134,-0.00177, 0.01027,-0.00022,-0.03267, 0.06384,-0.01284, 0.99790, 0.46438,219.74342,1454.61755,2110.32836,-2.02784,-0.08632, 0.06835,
16.10000,8049.93592,-44.93406,9999.64019, 0.22078, 3.65688,-0.59604,500.01893, 3.66134,-0.00177, 0.01016,-0.00022,-0.03258, 0.06384,-0.01284, 0.99790, 0.46438,219.74363,1454.61777,2110.32836,-2.02784,-0.08632, 0.06835,
16.20000,8099.93496,-45.46951,9999.63633, 0.22158, 3.65687,-0.59930,500.01914, 3.66134,-0.00178, 0.01009,-0.00022,-0.03249, 0.06384,-0.01284, 0.99790, 0.46438,219.74384,1454.61799,2110.32836,-2.02784,-0.08632, 0.06835,
16.30000,8149.93398,-46.00785,9999.63246, 0.22238, 3.65686,-0.60255,500.01935, 3.66133,-0.00178, 0.01006,-0.00022,-0.03241, 0.06384,-0.01284, 0.99790, 0.46438,219.74405,1454.61821,2110.32836,-2.02784,-0.08632, 0.06835,
16.40000,8199.93300,-46.54907,9999.62859, 0.22318, 3.65686,-0.60579,500.01956, 3.66133,-0.00179, 0.01005,-0.00021,-0.03233, 0.06384,-0.01284, 0.99790, 0.46438,219.74426,1454.61843,2110.32836,-2.02784,-0.08632, 0.06835,
16.50000,8249.93200,-47.09318,9999.62471, 0.22398, 3.65685,-0.60903,500.01977, 3.66133,-0.00180, 0.01007,-0.00021,-0.03227, 0.06384,-0.01284, 0.99790, 0.46438,219.74447,1454.61864,2110.32836,-2.02784,-0.08632, 0.06835,
16.60000,8299.93100,-47.64017,9999.62082, 0.22478, 3.65684,-0.61226,500.01997, 3.66133,-0.00182, 0.01012,-0.00021,-0.03221, 0.06384,-0.01284, 0.99790, 0.46438,219.74468,1454.61886,2110.32836,-2.02784,-0.08632, 0.06835,
16.70000,8349.92998,-48.19002,9999.61693, 0.22559, 3.65683,-0.61549,500.02018, 3.66133,-0.00183, 0.01019,-0.00020,-0.03216, 0.06384,-0.01284, 0.99790, 0.46438,219.74489,1454.61908,2110.32836,-2.02784,-0.08632, 0.06835,
16.80000,8399.92896,-48.74274,9999.61304, 0.22641, 3.65682,-0.61871,500.02039, 3.66133,-0.00184, 0.01026,-0.00020,-0.03212, 0.06384,-0.01284, 0.99790, 0.46438,219.74510,1454.61930,2110.32836,-2.02784,-0.08632, 0.06835,
16.90000,8449.92792,-49.29833,9999.60913, 0.22723, 3.65682,-0.62192,500.02060, 3.66133,-0.00184, 0.01034,-0.00020,-0.03208, 0.06384,-0.01284, 0.99790, 0.46438,219.74531,1454.61953,2110.32836,-2.02784,-0.08632, 0.06835,
17.00000,8499.92687,-49.85677,9999.60523, 0.22807, 3.65681,-0.62514,500.02081, 3.66132,-0.00185, 0.01042,-0.00019,-0.03206, 0.06384,-0.01284, 0.99790, 0.46438,219.74552,1454.61975,2110.32836,-2.02784,-0.08632, 0.06835,
17.10000,8549.92581,-50.41807,9999.60132, 0.22891, 3.65680,-0.62835,500.02102, 3.66132,-0.00185, 0.01048,-0.00019,-0.03203, 0.06384,-0.01284, 0.99790, 0.46438,219.74573,1454.61997,2110.32836,-2.02784,-0.08632, 0.06835,
17.20000,8599.92474,-50.98221,9999.59740, 0.22975, 3.65680,-0.63156,500.02123, 3.66132,-0.00185, 0.01054,-0.00018,-0.03201, 0.06384,-0.01284, 0.99790, 0.46438,219.74594,1454.62019,2110.32836,-2.02784,-0.08632, 0.06835,
17.30000,8649.92366,-51.54920,9999.59348, 0.23061, 3.65679,-0.63476,500.02144, 3.66132,-0.00184, 0.01057,-0.00018,-0.03198, 0.06384,-0.01284, 0.99791, 0.46438,219.74616,1454.62041,2110.32836,-2.02784,-0.08632, 0.06835,
17.40000,8699.92257,-52.11902,9999.58956, 0.23146, 3.65679,-0.63797,500.02165, 3.66132,-0.00184, 0.01058,-0.00018,-0.03195, 0.06384,-0.01284, 0.99791, 0.46438,219.74637,1454.62063,2110.32836,-2.02784,-0.08632, 0.06835,
17.50000,8749.92146,-52.69168,9999.58563, 0.23231, 3.65678,-0.64117,500.02186, 3.66132,-0.00183, 0.01057,-0.00017,-0.03192, 0.06384,-0.01284, 0.99791, 0.46438,219.74658,1454.62085,2110.32836,-2.02784,-0.08632, 0.06835,
17.60000,8799.92035,-53.26717,9999.58170, 0.23316, 3.65678,-0.64436,500.02207, 3.66132,-0.00181, 0.01054,-0.00017,-0.03188, 0.06384,-0.01284, 0.99791, 0.46438,219.74679,1454.62108,2110.32836,-2.02784,-0.08632, 0.06835,
17.70000,8849.91922,-53.84548,9999.57777, 0.23401, 3.65677,-0.64755,500.02228, 3.66132,-0.00180, 0.01050,-0.00017,-0.03184, 0.06384,-0.01284, 0.99791, 0.46438,219.74700,1454.62130,2110.32836,-2.02784,-0.08632, 0.06835,
17.80000,8899.91808,-54.42661,9999.57384, 0.23486, 3.65677,-0.65074,500.02249, 3.66132,-0.00179, 0.01043,-0.00017,-0.03179, 0.06384,-0.01284, 0.99791, 0.46438,219.74721,1454.62152,2110.32836,-2.02784,-0.08632, 0.06835,
17.90000,8949.91693,-55.01056,9999.56990, 0.23569, 3.65677,-0.65393,500.02269, 3.66132,-0.00178, 0.01036,-0.00016,-0.03174, 0.06384,-0.01284, 0.99791, 0.46438,219.74742,1454.62174,2110.32836,-2.02784,-0.08632, 0.06835,
18.00000,8999.91577,-55.59732,9999.56597, 0.23652, 3.65676,-0.65710,500.02290, 3.66131,-0.00176, 0.01028,-0.00016,-0.03168, 0.06384,-0.01284, 0.99791, 0.46438,219.74763,1454.62197,2110.32836,-2.02784,-0.08632, 0.06835,
18.10000,9049.91459,-56.18689,9999.56203, 0.23734, 3.65676,-0.66027,500.02311, 3.66131,-0.00175, 0.01019,-0.00016,-0.03161, 0.06384,-0.01284, 0.99791, 0.46438,219.74784,1454.62219,2110.32836,-2.02784,-0.08632, 0.06835,
18.20000,9099.91341,-56.77926,9999.55809, 0.23816, 3.65676,-0.66344,500.02332, 3.66131,-0.00175, 0.01011,-0.00015,-0.03155, 0.06384,-0.01284, 0.99791, 0.46438,219.74805,1454.62241,2110.32836,-2.02784,-0.08632, 0.06835,
18.30000,9149.91221,-57.37442,9999.55415, 0.23896, 3.65676,-0.66660,500.02353, 3.66131,-0.00174, 0.01004,-0.00015,-0.03148, 0.06384,-0.01284, 0.99791, 0.46438,219.74826,1454.62263,2110.32836,-2.02784,-0.08632, 0.06835,
18.40000,9199.91099,-57.97238,9999.55021, 0.23976, 3.65675,-0.66975,500.02373, 3.66131,-0.00174, 0.00998,-0.00015,-0.03141, 0.06384,-0.01284, 0.99791, 0.46438,219.74847,1454.62286,2110.32836,-2.02784,-0.08632, 0.06835,
18.50000,9249.90977,-58.57313,9999.54627, 0.24056, 3.65675,-0.67289,500.02394, 3.66131,-0.00174, 0.00993,-0.00015,-0.03134, 0.06384,-0.01284, 0.99792, 0.46438,219.74868,1454.62308,2110.32836,-2.02784,-0.08632, 0.06835,
18.60000,9299.90853,-59.17667,9999.54233, 0.24135, 3.65675,-0.67603,500.02415, 3.66131,-0.00174, 0.00989,-0.00014,-0.03128, 0.06384,-0.01284, 0.99792, 0.46438,219.74889,1454.62330,2110.32836,-2.02784,-0.08632, 0.06835,
18.70000,9349.90728,-59.78298,9999.53839, 0.24214, 3.65675,-0.67916,500.02436, 3.66130,-0.00174, 0.00987,-0.00014,-0.03121, 0.06384,-0.01284, 0.99792, 0.46438,219.74910,1454.62352,2110.32836,-2.02784,-0.08632, 0.06835,
18.80000,9399.90601,-60.39207,9999.53445, 0.24292, 3.65675,-0.68228,500.02456, 3.66130,-0.00174, 0.00986,-0.00014,-0.03115, 0.06384,-0.01284, 0.99792, 0.46438,219.74931,1454.62375,2110.32836,-2.02784,-0.08632, 0.06835,
18.90000,9449.90474,-61.00393,9999.53051, 0.24371, 3.65675,-0.68540,500.02477, 3.66130,-0.00174, 0.00987,-0.00013,-0.03110, 0.06384,-0.01284, 0.99792, 0.46438,219.74952,1454.62397,2110.32836,-2.02784,-0.08632, 0.06835,
19.00000,9499.90345,-61.61856,9999.52657, 0.24450, 3.65675,-0.68852,500.02498, 3.66130,-0.00175, 0.00988,-0.00013,-0.03105, 0.06384,-0.01284, 0.99792, 0.46438,219.74972,1454.62419,2110.32836,-2.02784,-0.08632, 0.06835,
19.10000,9549.90214,-62.23595,9999.52264, 0.24529, 3.65675,-0.69162,500.02518, 3.66130,-0.00175, 0.00990,-0.00013,-0.03100, 0.06384,-0.01284, 0.99792, 0.46438,219.74993,1454.62442,2110.32836,-2.02784,-0.08632, 0.06835,
19.20000,9599.90083,-62.85609,9999.51870, 0.24608, 3.65675,-0.69473,500.02539, 3.66130,-0.00175, 0.00993,-0.00012,-0.03096, 0.06384,-0.01284, 0.99792, 0.46438,219.75014,1454.62464,2110.32836,-2.02784,-0.08632, 0.06835,
19.30000,9649.89949,-63.47899,9999.51477, 0.24688, 3.65675,-0.69783,500.02559, 3.66130,-0.00175, 0.00995,-0.00012,-0.03091, 0.06384,-0.01284, 0.99792, 0.46438,219.75035,1454.62486,2110.32836,-2.02784,-0.08632, 0.06835,
19.40000,9699.89815,-64.10464,9999.51084, 0.24768, 3.65675,-0.70092,500.02580, 3.66130,-0.00175, 0.00997,-0.00012,-0.03088, 0.06384,-0.01284, 0.99792, 0.46438,219.75055,1454.62508,2110.32836,-2.02784,-0.08632, 0.06835,
19.50000,9749.89679,-64.73303,9999.50691, 0.24848, 3.65675,-0.70402,500.02600, 3.66129,-0.00175, 0.00999,-0.00011,-0.03084, 0.06384,-0.01284, 0.99792, 0.46438,219.75076,1454.62530,2110.32836,-2.02784,-0.08632, 0.06835,
19.60000,9799.89542,-65.36417,9999.50299, 0.24928, 3.65676,-0.70710,500.02621, 3.66129,-0.00175, 0.01000,-0.00011,-0.03080, 0.06384,-0.01284, 0.99792, 0.46438,219.75097,1454.62553,2110.32836,-2.02784,-0.08632, 0.06835,
19.70000,9849.89403,-65.99803,9999.49907, 0.25009, 3.65676,-0.71019,500.02641, 3.66129,-0.00175, 0.01000,-0.00011,-0.03076, 0.06384,-0.01284, 0.99792, 0.46438,219.75117,1454.62575,2110.32836,-2.02784,-0.08632, 0.06835,
19.80000,9899.89263,-66.63463,9999.49515, 0.25089, 3.65676,-0.71327,500.02661, 3.66129,-0.00174, 0.01000,-0.00010,-0.03072, 0.06384,-0.01284, 0.99793, 0.46438,219.75138,1454.62597,2110.32836,-2.02784,-0.08632, 0.06835,
19.90000,9949.89121,-67.27395,9999.49124, 0.25169, 3.65676,-0.71634,500.02681, 3.66129,-0.00173, 0.00998,-0.00010,-0.03068, 0.06384,-0.01284, 0.99793, 0.46438,219.75158,1454.62619,2110.32836,-2.02784,-0.08632, 0.06835,
20.00000,9999.88978,-67.91600,9999.48733, 0.25249, 3.65677,-0.71942,500.02702, 3.66129,-0.00173, 0.00996,-0.00010,-0.03064, 0.06384,-0.01284, 0.99793, 0.46438,219.75179,1454.62641,2110.32836,-2.02784,-0.08632, 0.06835,
20.10000,10049.88834,-68.56076,9999.48342, 0.25329, 3.65677,-0.72248,500.02722, 3.66129,-0.00172, 0.00992,-0.00010,-0.03059, 0.06384,-0.01284, 0.99793, 0.46438,219.75199,1454.62663,2110.32836,-2.02784,-0.08632, 0.06835,
20.20000,10099.88688,-69.20824,9999.47952, 0.25409, 3.65678,-0.72555,500.02742, 3.66129,-0.00171, 0.00989,-0.00009,-0.03054, 0.06384,-0.01284, 0.99793, 0.46438,219.75219,1454.62685,2110.32836,-2.02784,-0.08632, 0.06835,
20.30000,10149.88540,-69.85843,9999.47562, 0.25488, 3.65678,-0.72860,500.02762, 3.66129,-0.00171, 0.00984,-0.00009,-0.03049, 0.06384,-0.01285, 0.99793, 0.46438,219.75240,1454.62707,2110.32836,-2.02784,-0.08632, 0.06835,
20.40000,10199.88391,-70.51132,9999.47173, 0.25567, 3.65679,-0.73166,500.02782, 3.66128,-0.00170, 0.00980,-0.00009,-0.03044, 0.06384,-0.01285, 0.99793, 0.46438,219.75260,1454.62729,2110.32836,-2.02784,-0.08632, 0.06835,
20.50000,10249.88240,-71.16690,9999.46785, 0.25645, 3.65679,-0.73470,500.02802, 3.66128,-0.00169, 0.00975,-0.00008,-0.03038, 0.06384,-0.01285, 0.99793, 0.46438,219.75280,1454.62751,2110.32836,-2.02784,-0.08632, 0.06835,
20.60000,10299.88088,-71.82519,9999.46397, 0.25723, 3.65680,-0.73775,500.02822, 3.66128,-0.00169, 0.00971,-0.00008,-0.03033, 0.06384,-0.01285, 0.99793, 0.46438,219.75300,1454.62773,2110.32836,-2.02784,-0.08632, 0.06835,
20.70000,10349.87934,-72.48617,9999.46009, 0.25800, 3.65680,-0.74078,500.02841, 3.66128,-0.00169, 0.00967,-0.00008,-0.03027, 0.06384,-0.01285, 0.99793, 0.46438,219.75320,1454.62795,2110.32836,-2.02784,-0.08632, 0.06835,
20.80000,10399.87779,-73.14983,9999.45623, 0.25878, 3.65681,-0.74381,500.02861, 3.66128,-0.00168, 0.00963,-0.00008,-0.03021, 0.06384,-0.01285, 0.99793, 0.46439,219.75340,1454.62817,2110.32836,-2.02784,-0.08632, 0.06835,
20.90000,10449.87622,-73.81618,9999.45237, 0.25955, 3.65681,-0.74684,500.02881, 3.66128,-0.00168, 0.00960,-0.00007,-0.03016, 0.06384,-0.01285, 0.99793, 0.46439,219.75360,1454.62839,2110.32836,-2.02784,-0.08632, 0.06835,
21.00000,10499.87463,-74.48521,9999.44851, 0.26031, 3.65682,-0.74986,500.02900, 3.66128,-0.00168, 0.00958,-0.00007,-0.03010, 0.06384,-0.01285, 0.99793, 0.46439,219.75380,1454.62861,2110.32836,-2.02784,-0.08632, 0.06835,
21.10000,10549.87303,-75.15691,9999.44466, 0.26108, 3.65683,-0.75287,500.02920, 3.66128,-0.00168, 0.00956,-0.00007,-0.03005, 0.06384,-0.01285, 0.99794, 0.46439,219.75400,1454.62882,2110.32836,-2.02784,-0.08632, 0.06835,
21.20000,10599.87141,-75.83128,9999.44083, 0.26184, 3.65683,-0.75588,500.02939, 3.66128,-0.00168, 0.00955,-0.00006,-0.03000, 0.06384,-0.01285, 0.99794, 0.46439,219.75420,1454.62904,2110.32836,-2.02784,-0.08632, 0.06835,
21.30000,10649.86978,-76.50831,9999.43699, 0.26260, 3.65684,-0.75888,500.02959, 3.66127,-0.00168, 0.00955,-0.00006,-0.02995, 0.06384,-0.01285, 0.99794, 0.46439,219.75439,1454.62926,2110.32836,-2.02784,-0.08632, 0.06835,
21.40000,10699.86813,-77.18801,9999.43317, 0.26337, 3.65685,-0.76188,500.02978, 3.66127,-0.00168, 0.00954,-0.00006,-0.02990, 0.06384,-0.01285, 0.99794, 0.46439,219.75459,1454.62947,2110.32836,-2.02784,-0.08632, 0.06835,
21.50000,10749.86646,-77.87036,9999.42936, 0.26413, 3.65686,-0.76487,500.02997, 3.66127,-0.00168, 0.00954,-0.00005,-0.02985, 0.06384,-0.01285, 0.99794, 0.46439,219.75478,1454.62969,2110.32836,-2.02784,-0.08632, 0.06835,
21.60000,10799.86477,-78.55537,9999.42555, 0.26489, 3.65687,-0.76786,500.03016, 3.66127,-0.00168, 0.00955,-0.00005,-0.02981, 0.06384,-0.01285, 0.99794, 0.46439,219.75498,1454.62990,2110.32836,-2.02784,-0.08632, 0.06835,
21.70000,10849.86307,-79.24303,9999.42175, 0.26566, 3.65688,-0.77085,500.03035, 3.66127,-0.00168, 0.00955,-0.00005,-0.02976, 0.06384,-0.01285, 0.99794, 0.46439,219.75517,1454.63012,2110.32836,-2.02784,-0.08632, 0.06835,
21.80000,10899.86135,-79.93333,9999.41796, 0.26642, 3.65688,-0.77383,500.03054, 3.66127,-0.00168, 0.00955,-0.00005,-0.02972, 0.06384,-0.01285, 0.99794, 0.46439,219.75536,1454.63033,2110.32836,-2.02784,-0.08632, 0.06835,
21.90000,10949.85961,-80.62627,9999.41418, 0.26719, 3.65689,-0.77680,500.03073, 3.66127,-0.00167, 0.00955,-0.00004,-0.02968, 0.06384,-0.01285, 0.99794, 0.46439,219.75556,1454.63055,2110.32836,-2.02784,-0.08632, 0.06835,
22.00000,10999.85786,-81.32184,9999.41041, 0.26795, 3.65690,-0.77978,500.03092, 3.66127,-0.00167, 0.00954,-0.00004,-0.02964, 0.06384,-0.01285, 0.99794, 0.46439,219.75575,1454.63076,2110.32836,-2.02784,-0.08632, 0.06835,
22.10000,11049.85608,-82.02005,9999.40665, 0.26872, 3.65691,-0.78274,500.03111, 3.66126,-0.00167, 0.00953,-0.00004,-0.02959, 0.06384,-0.01285, 0.99794, 0.46439,219.75594,1454.63097,2110.32836,-2.02784,-0.08632, 0.06835,
22.20000,11099.85429,-82.72089,9999.40290, 0.26948, 3.65692,-0.78571,500.03129, 3.66126,-0.00166, 0.00952,-0.00003,-0.02955, 0.06384,-0.01285, 0.99794, 0.46439,219.75613,1454.63118,2110.32836,-2.02784,-0.08632, 0.06835,
22.30000,11149.85248,-83.42434,9999.39916, 0.27024, 3.65693,-0.78867,500.03148, 3.66126,-0.00166, 0.00950,-0.00003,-0.02951, 0.06384,-0.01285, 0.99794, 0.46439,219.75632,1454.63140,2110.32836,-2.02784,-0.08632, 0.06835,
22.40000,11199.85065,-84.13042,9999.39543, 0.27100, 3.65695,-0.79162,500.03166, 3.66126,-0.00165, 0.00948,-0.00003,-0.02946, 0.06384,-0.01285, 0.99794, 0.46439,219.75650,1454.63161,2110.32836,-2.02784,-0.08632, 0.06835,
22.50000,11249.84881,-84.83911,9999.39171, 0.27176, 3.65696,-0.79457,500.03185, 3.66126,-0.00165, 0.00946,-0.00002,-0.02941, 0.06384,-0.01285, 0.99795, 0.46439,219.75669,1454.63182,2110.32836,-2.02784,-0.08632, 0.06835,
22.60000,11299.84694,-85.55041,9999.38800, 0.27252, 3.65697,-0.79751,500.03203, 3.66126,-0.00164, 0.00943,-0.00002,-0.02937, 0.06384,-0.01285, 0.99795, 0.46439,219.75688,1454.63203,2110.32836,-2.02784,-0.08632, 0.06835,
22.70000,11349.84506,-86.26432,9999.38431, 0.27327, 3.65698,-0.80045,500.03221, 3.66126,-0.00164, 0.00940,-0.00002,-0.02932, 0.06384,-0.01285, 0.99795, 0.46439,219.75706,1454.63224,2110.32836,-2.02784,-0.08632, 0.06835,
22.80000,11399.84315,-86.98083,9999.38062, 0.27403, 3.65699,-0.80339,500.03239, 3.66126,-0.00164, 0.00937,-0.00002,-0.02927, 0.06384,-0.01285, 0.99795, 0.46439,219.75725,1454.63244,2110.32836,-2.02784,-0.08632, 0.06835,
22.90000,11449.84123,-87.69994,9999.37695, 0.27477, 3.65701,-0.80632,500.03257, 3.66126,-0.00163, 0.00934,-0.00001,-0.02922, 0.06384,-0.01285, 0.99795, 0.46439,219.75743,1454.63265,2110.32836,-2.02784,-0.08632, 0.06835,
23.00000,11499.83929,-88.42164,9999.37329, 0.27552, 3.65702,-0.80925,500.03275, 3.66126,-0.00163, 0.00932,-0.00001,-0.02917, 0.06384,-0.01285, 0.99795, 0.46439,219.75761,1454.63286,2110.32836,-2.02784,-0.08632, 0.06835,
23.10000,11549.83732,-89.14593,9999.36964, 0.27626, 3.65703,-0.81217,500.03293, 3.66125,-0.00163, 0.00929,-0.00001,-0.02912, 0.06384,-0.01285, 0.99795, 0.46439,219.75779,1454.63307,2110.32836,-2.02784,-0.08632, 0.06835,
23.20000,11599.83534,-89.87281,9999.36601, 0.27701, 3.65704,-0.81508,500.03311, 3.66125,-0.00162, 0.00927,-0.00001,-0.02907, 0.06384,-0.01285, 0.99795, 0.46439,219.75797,1454.63327,2110.32836,-2.02784,-0.08632, 0.06835,
23.30000,11649.83334,-90.60227,9999.36238, 0.27775, 3.65706,-0.81799,500.03328, 3.66125,-0.00162, 0.00925,-0.00000,-0.02902, 0.06384,-0.01285, 0.99795, 0.46439,219.75815,1454.63348,2110.32836,-2.02784,-0.08632, 0.06835,
23.40000,11699.83132,-91.33430,9999.35877, 0.27849, 3.65707,-0.82090,500.03346, 3.66125,-0.00162, 0.00923,-0.00000,-0.02897, 0.06384,-0.01285, 0.99795, 0.46439,219.75833,1454.63368,2110.32836,-2.02784,-0.08632, 0.06835,
23.50000,11749.82928,-92.06891,9999.35518, 0.27922, 3.65709,-0.82380,500.03363, 3.66125,-0.00162, 0.00921, 0.00000,-0.02892, 0.06384,-0.01285, 0.99795, 0.46439,219.75851,1454.63388,2110.32836,-2.02784,-0.08632, 0.06835,
23.60000,11799.82721,-92.80609,9999.35159, 0.27996, 3.65710,-0.82670,500.03380, 3.66125,-0.00161, 0.00920, 0.00000,-0.02888, 0.06384,-0.01285, 0.99795, 0.46439,219.75868,1454.63409,2110.32836,-2.02784,-0.08632, 0.06835,
23.70000,11849.82513,-93.54583,9999.34803, 0.28069, 3.65712,-0.82959,500.03397, 3.66125,-0.00161, 0.00919, 0.00001,-0.02883, 0.06384,-0.01285, 0.99795, 0.46439,219.75886,1454.63429,2110.32836,-2.02784,-0.08632, 0.06835,
23.80000,11899.82303,-94.28814,9999.34447, 0.28143, 3.65713,-0.83247,500.03414, 3.66125,-0.00161, 0.00918, 0.00001,-0.02878, 0.06384,-0.01285, 0.99795, 0.46439,219.75903,1454.63449,2110.32836,-2.02784,-0.08632, 0.06835,
23.90000,11949.82090,-95.03300,9999.34093, 0.28216, 3.65715,-0.83535,500.03431, 3.66125,-0.00161, 0.00917, 0.00001,-0.02874, 0.06384,-0.01285, 0.99795, 0.46439,219.75921,1454.63469,2110.32836,-2.02784,-0.08632, 0.06835,
24.00000,11999.81875,-95.78041,9999.33741, 0.28289, 3.65716,-0.83823,500.03448, 3.66124,-0.00161, 0.00916, 0.00002,-0.02870, 0.06384,-0.01285, 0.99796, 0.46439,219.75938,1454.63489,2110.32836,-2.02784,-0.08632, 0.06835,
24.10000,12049.81659,-96.53037,9999.33390, 0.28363, 3.65718,-0.84111,500.03465, 3.66124,-0.00161, 0.00915, 0.00002,-0.02865, 0.06384,-0.01285, 0.99796, 0.46439,219.75955,1454.63509,2110.32836,-2.02784,-0.08632, 0.06835,
24.20000,12099.81440,-97.28288,9999.33040, 0.28436, 3.65719,-0.84397,500.03481, 3.66124,-0.00160, 0.00915, 0.00002,-0.02861, 0.06384,-0.01285, 0.99796, 0.46439,219.75972,1454.63528,2110.32836,-2.02784,-0.08632, 0.06835,
24.30000,12149.81218,-98.03792,9999.32692, 0.28509, 3.65721,-0.84684,500.03498, 3.66124,-0.00160, 0.00914, 0.00002,-0.02856, 0.06384,-0.01285, 0.99796, 0.46439,219.75989,1454.63548,2110.32836,-2.02784,-0.08632, 0.06835,
24.40000,12199.80995,-98.79550,9999.32345, 0.28582, 3.65723,-0.84970,500.03514, 3.66124,-0.00160, 0.00912, 0.00003,-0.02852, 0.06384,-0.01285, 0.99796, 0.46439,219.76005,1454.63568,2110.32836,-2.02784,-0.08632, 0.06835,
24.50000,12249.80769,-99.55562,9999.32001, 0.28655, 3.65724,-0.85255,500.03530, 3.66124,-0.00160, 0.00911, 0.00003,-0.02848, 0.06384,-0.01285, 0.99796, 0.46439,219.76022,1454.63587,2110.32836,-2.02784,-0.08632, 0.06835,
24.60000,12299.80542,-100.31826,9999.31657, 0.28728, 3.65726,-0.85541,500.03546, 3.66124,-0.00159, 0.00910, 0.00003,-0.02843, 0.06384,-0.01285, 0.99796, 0.46439,219.76039,1454.63607,2110.32836,-2.02784,-0.08632, 0.06835,
24.70000,12349.80312,-101.08343,9999.31316, 0.28801, 3.65728,-0.85825,500.03562, 3.66124,-0.00159, 0.00908, 0.00003,-0.02839, 0.06384,-0.01285, 0.99796, 0.46439,219.76055,1454.63626,2110.32836,-2.02784,-0.08632, 0.06835,
24.80000,12399.80079,-101.85111,9999.30976, 0.28873, 3.65730,-0.86110,500.03578, 3.66124,-0.00159, 0.00906, 0.00004,-0.02835, 0.06384,-0.01285, 0.99796, 0.46439,219.76071,1454.63645,2110.32836,-2.02784,-0.08632, 0.06835,
24.90000,12449.79845,-102.62132,9999.30637, 0.28946, 3.65731,-0.86393,500.03594, 3.66124,-0.00158, 0.00904, 0.00004,-0.02830, 0.06384,-0.01285, 0.99796, 0.46439,219.76087,1454.63664,2110.32836,-2.02784,-0.08632, 0.06835,
25.00000,12499.79608,-103.39403,9999.30300, 0.29018, 3.65733,-0.86677,500.03609, 3.66123,-0.00158, 0.00902, 0.00004,-0.02825, 0.06384,-0.01285, 0.99796, 0.46439,219.76103,1454.63683,2110.32836,-2.02784,-0.08632, 0.06835,
25.10000,12549.79368,-104.16925,9999.29966, 0.29090, 3.65735,-0.86960,500.03625, 3.66123,-0.00157, 0.00900, 0.00004,-0.02821, 0.06384,-0.01285, 0.99796, 0.46439,219.76119,1454.63702,2110.32836,-2.02784,-0.08632, 0.06835,
25.20000,12599.79127,-104.94698,9999.29632, 0.29162, 3.65737,-0.87242,500.03640, 3.66123,-0.00157, 0.00898, 0.00005,-0.02816, 0.06384,-0.01285, 0.99796, 0.46439,219.76135,1454.63721,2110.32836,-2.02784,-0.08632, 0.06835,
25.30000,12649.78883,-105.72721,9999.29301, 0.29234, 3.65739,-0.87524,500.03655, 3.66123,-0.00157, 0.00896, 0.00005,-0.02812, 0.06384,-0.01285, 0.99796, 0.46439,219.76151,1454.63740,2110.32836,-2.02784,-0.08632, 0.06835,
25.40000,12699.78636,-106.50993,9999.28971, 0.29305, 3.65741,-0.87805,500.03670, 3.66123,-0.00157, 0.00894, 0.00005,-0.02807, 0.06384,-0.01285, 0.99796, 0.46439,219.76166,1454.63758,2110.32836,-2.02784,-0.08632, 0.06835,
25.50000,12749.78388,-107.29514,9999.28643, 0.29376, 3.65743,-0.88087,500.03685, 3.66123,-0.00156, 0.00892, 0.00005,-0.02803, 0.06384,-0.01285, 0.99796, 0.46439,219.76181,1454.63777,2110.32836,-2.02784,-0.08632, 0.06835,
25.60000,12799.78136,-108.08285,9999.28317, 0.29448, 3.65745,-0.88367,500.03700, 3.66123,-0.00156, 0.00890, 0.00006,-0.02798, 0.06384,-0.01285, 0.99796, 0.46439,219.76197,1454.63795,2110.32836,-2.02784,-0.08632, 0.06835,
25.70000,12849.77883,-108.87303,9999.27993, 0.29519, 3.65747,-0.88647,500.03715, 3.66123,-0.00156, 0.00888, 0.00006,-0.02793, 0.06384,-0.01285, 0.99797, 0.46439,219.76212,1454.63814,2110.32836,-2.02784,-0.08632, 0.06835,
25.80000,12899.77627,-109.66570,9999.27671, 0.29590, 3.65749,-0.88927,500.03729, 3.66123,-0.00156, 0.00887, 0.00006,-0.02789, 0.06384,-0.01285, 0.99797, 0.46439,219.76227,1454.63832,2110.32836,-2.02784,-0.08632, 0.06835,
25.90000,12949.77368,-110.46085,9999.27350, 0.29660, 3.65751,-0.89206,500.03743, 3.66123,-0.00155, 0.00885, 0.00006,-0.02784, 0.06384,-0.01285, 0.99797, 0.46439,219.76242,1454.63850,2110.32836,-2.02784,-0.08632, 0.06835,
26.00000,12999.77107,-111.25846,9999.27032, 0.29731, 3.65753,-0.89485,500.03758, 3.66123,-0.00155, 0.00884, 0.00007,-0.02780, 0.06384,-0.01285, 0.99797, 0.46439,219.76256,1454.63868,2110.32836,-2.02784,-0.08632, 0.06835,
26.10000,13049.76843,-112.05855,9999.26715, 0.29802, 3.65755,-0.89763,500.03772, 3.66122,-0.00155, 0.00882, 0.00007,-0.02775, 0.06384,-0.01285, 0.99797, 0.46439,219.76271,1454.63886,2110.32836,-2.02784,-0.08632, 0.06835,
26.20000,13099.76577,-112.86109,9999.26400, 0.29872, 3.65757,-0.90041,500.03786, 3.66122,-0.00155, 0.00881, 0.00007,-0.02771, 0.06384,-0.01285, 0.99797, 0.46439,219.76285,1454.63904,2110.32836,-2.02784,-0.08632, 0.06835,
26.30000,13149.76308,-113.66610,9999.26088, 0.29942, 3.65759,-0.90319,500.03799, 3.66122,-0.00155, 0.00880, 0.00007,-0.02767, 0.06384,-0.01285, 0.99797, 0.46439,219.76299,1454.63921,2110.32836,-2.02784,-0.08632, 0.06835,
26.40000,13199.76037,-114.47357,9999.25777, 0.30013, 3.65762,-0.90596,500.03813, 3.66122,-0.00154, 0.00879, 0.00007,-0.02762, 0.06384,-0.01285, 0.99797, 0.46439,219.76314,1454.63939,2110.32836,-2.02784,-0.08632, 0.06835,
26.50000,13249.75763,-115.28349,9999.25468, 0.30083, 3.65764,-0.90872,500.03827, 3.66122,-0.00154, 0.00878, 0.00008,-0.02758, 0.06384,-0.01285, 0.99797, 0.46439,219.76328,1454.63956,2110.32836,-2.02784,-0.08632, 0.06835,
26.60000,13299.75486,-116.09585,9999.25162, 0.30153, 3.65766,-0.91148,500.03840, 3.66122,-0.00154, 0.00876, 0.00008,-0.02754, 0.06384,-0.01285, 0.99797, 0.46439,219.76341,1454.63974,2110.32836,-2.02784,-0.08632, 0.06835,
26.70000,13349.75207,-116.91066,9999.24857, 0.30223, 3.65768,-0.91424,500.03853, 3.66122,-0.00154, 0.00875, 0.00008,-0.02749, 0.06384,-0.01285, 0.99797, 0.46439,219.76355,1454.63991,2110.32836,-2.02784,-0.08632, 0.06835,
26.80000,13399.74925,-117.72792,9999.24554, 0.30293, 3.65770,-0.91699,500.03866, 3.66122,-0.00153, 0.00874, 0.00008,-0.02745, 0.06384,-0.01285, 0.99797, 0.46439,219.76369,1454.64008,2110.32836,-2.02784,-0.08632, 0.06835,
26.90000,13449.74640,-118.54761,9999.24254, 0.30362, 3.65773,-0.91974,500.03879, 3.66122,-0.00153, 0.00872, 0.00009,-0.02741, 0.06384,-0.01285, 0.99797, 0.46439,219.76382,1454.64025,2110.32836,-2.02784,-0.08632, 0.06835,
27.00000,13499.74353,-119.36973,9999.23956, 0.30432, 3.65775,-0.92248,500.03892, 3.66122,-0.00153, 0.00871, 0.00009,-0.02737, 0.06384,-0.01285, 0.99797, 0.46439,219.76395,1454.64042,2110.32836,-2.02784,-0.08632, 0.06835,
27.10000,13549.74063,-120.19428,9999.23659, 0.30502, 3.65777,-0.92522,500.03904, 3.66122,-0.00152, 0.00869, 0.00009,-0.02732, 0.06384,-0.01285, 0.99797, 0.46439,219.76408,1454.64059,2110.32836,-2.02784,-0.08632, 0.06835,
27.20000,13599.73770,-121.02126,9999.23365, 0.30571, 3.65780,-0.92796,500.03917, 3.66122,-0.00152, 0.00868, 0.00009,-0.02728, 0.06384,-0.01285, 0.99797, 0.46439,219.76421,1454.64075,2110.32836,-2.02784,-0.08632, 0.06835,
27.30000,13649.73475,-121.85066,9999.23073, 0.30640, 3.65782,-0.93069,500.03929, 3.66121,-0.00152, 0.00866, 0.00009,-0.02724, 0.06384,-0.01285, 0.99797, 0.46439,219.76434,1454.64092,2110.32836,-2.02784,-0.08632, 0.06835,
27.40000,13699.73176,-122.68247,9999.22783, 0.30709, 3.65785,-0.93342,500.03941, 3.66121,-0.00152, 0.00864, 0.00010,-0.02719, 0.06384,-0.01285, 0.99797, 0.46439,219.76447,1454.64108,2110.32836,-2.02784,-0.08632, 0.06835,
27.50000,13749.72875,-123.51671,9999.22496, 0.30778, 3.65787,-0.93614,500.03953, 3.66121,-0.00151, 0.00862, 0.00010,-0.02715, 0.06384,-0.01285, 0.99797, 0.46439,219.76459,1454.64124,2110.32836,-2.02784,-0.08632, 0.06835,
27.60000,13799.72571,-124.35335,9999.22210, 0.30847, 3.65789,-0.93886,500.03965, 3.66121,-0.00151, 0.00861, 0.00010,-0.02711, 0.06384,-0.01285, 0.99798, 0.46439,219.76472,1454.64141,2110.32836,-2.02784,-0.08632, 0.06835,
27.70000,13849.72264,-125.19239,9999.21927, 0.30916, 3.65792,-0.94157,500.03977, 3.66121,-0.00151, 0.00859, 0.00010,-0.02706, 0.06384,-0.01285, 0.99798, 0.46440,219.76484,1454.64157,2110.32836,-2.02784,-0.08632, 0.06835,
27.80000,13899.71954,-126.03384,9999.21646, 0.30984, 3.65794,-0.94428,500.03988, 3.66121,-0.00150, 0.00857, 0.00010,-0.02702, 0.06384,-0.01285, 0.99798, 0.46440,219.76496,1454.64173,2110.32836,-2.02784,-0.08632, 0.06835,
27.90000,13949.71641,-126.87769,9999.21368, 0.31053, 3.65797,-0.94699,500.04000, 3.66121,-0.00150, 0.00856, 0.00011,-0.02698, 0.06384,-0.01285, 0.99798, 0.46440,219.76508,1454.64188,2110.32836,-2.02784,-0.08632, 0.06835,
28.00000,13999.71326,-127.72393,9999.21091, 0.31121, 3.65799,-0.94969,500.04011, 3.66121,-0.00150, 0.00854, 0.00011,-0.02693, 0.06384,-0.01285, 0.99798, 0.46440,219.76520,1454.64204,2110.32836,-2.02784,-0.08632, 0.06835,
28.10000,14049.71007,-128.57257,9999.20817, 0.31189, 3.65802,-0.95239,500.04022, 3.66121,-0.00150, 0.00852, 0.00011,-0.02689, 0.06384,-0.01285, 0.99798, 0.46440,219.76531,1454.64219,2110.32836,-2.02784,-0.08632, 0.06835,
28.20000,14099.70686,-129.42359,9999.20546, 0.31257, 3.65805,-0.95508,500.04033, 3.66121,-0.00149, 0.00851, 0.00011,-0.02685, 0.06384,-0.01285, 0.99798, 0.46440,219.76543,1454.64235,2110.32836,-2.02784,-0.08632, 0.06835,
28.30000,14149.70361,-130.27699,9999.20276, 0.31325, 3.65807,-0.95777,500.04043, 3.66121,-0.00149, 0.00849, 0.00011,-0.02680, 0.06384,-0.01285, 0.99798, 0.46440,219.76554,1454.64250,2110.32836,-2.02784,-0.08632, 0.06835,
28.40000,14199.70034,-131.13277,9999.20009, 0.31393, 3.65810,-0.96045,500.04054, 3.66121,-0.00149, 0.00848, 0.00011,-0.02676, 0.06384,-0.01285, 0.99798, 0.46440,219.76565,1454.64265,2110.32836,-2.02784,-0.08632, 0.06835,
28.50000,14249.69703,-131.99093,9999.19745, 0.31460, 3.65812,-0.96313,500.04064, 3.66121,-0.00149, 0.00847, 0.00012,-0.02672, 0.06384,-0.01285, 0.99798, 0.46440,219.76576,1454.64280,2110.32836,-2.02784,-0.08632, 0.06835,
28.60000,14299.69370,-132.85147,9999.19482, 0.31528, 3.65815,-0.96580,500.04074, 3.66121,-0.00149, 0.00845, 0.00012,-0.02668, 0.06384,-0.01285, 0.99798, 0.46440,219.76587,1454.64295,2110.32836,-2.02784,-0.08632, 0.06835,
28.70000,14349.69033,-133.71437,9999.19222, 0.31595, 3.65818,-0.96848,500.04084, 3.66120,-0.00148, 0.00844, 0.00012,-0.02664, 0.06384,-0.01285, 0.99798, 0.46440,219.76597,1454.64310,2110.32836,-2.02784,-0.08632, 0.06835,
28.80000,14399.68693,-134.57963,9999.18965, 0.31663, 3.65820,-0.97114,500.04094, 3.66120,-0.00148, 0.00843, 0.00012,-0.02659, 0.06384,-0.01285, 0.99798, 0.46440,219.76608,1454.64324,2110.32836,-2.02784,-0.08632, 0.06835,
28.90000,14449.68350,-135.44726,9999.18710, 0.31730, 3.65823,-0.97381,500.04104, 3.66120,-0.00148, 0.00841, 0.00012,-0.02655, 0.06384,-0.01285, 0.99798, 0.46440,219.76618,1454.64339,2110.32836,-2.02784,-0.08632, 0.06835,
29.00000,14499.68004,-136.31724,9999.18457, 0.31797, 3.65826,-0.97646,500.04114, 3.66120,-0.00148, 0.00840, 0.00013,-0.02651, 0.06384,-0.01285, 0.99798, 0.46440,219.76628,1454.64353,2110.32836,-2.02784,-0.08632, 0.06835,
29.10000,14549.67655,-137.18957,9999.18207, 0.31864, 3.65829,-0.97912,500.04123, 3.66120,-0.00147, 0.00839, 0.00013,-0.02647, 0.06384,-0.01285, 0.99798, 0.46440,219.76638,1454.64367,2110.32836,-2.02784,-0.08632, 0.06835,
29.20000,14599.67303,-138.06426,9999.17959, 0.31931, 3.65831,-0.98177,500.04132, 3.66120,-0.00147, 0.00837, 0.00013,-0.02643, 0.06384,-0.01285, 0.99798, 0.46440,219.76648,1454.64381,2110.32836,-2.02784,-0.08632, 0.06835,
29.30000,14649.66947,-138.94129,9999.17714, 0.31998, 3.65834,-0.98441,500.04141, 3.66120,-0.00147, 0.00836, 0.00013,-0.02639, 0.06384,-0.01285, 0.99798, 0.46440,219.76657,1454.64395,2110.32836,-2.02784,-0.08632, 0.06835,
29.40000,14699.66589,-139.82066,9999.17472, 0.32064, 3.65837,-0.98706,500.04150, 3.66120,-0.00147, 0.00834, 0.00013,-0.02635, 0.06384,-0.01285, 0.99798, 0.46440,219.76667,1454.64409,2110.32836,-2.02784,-0.08632, 0.06835,
29.50000,14749.66227,-140.70237,9999.17231, 0.32131, 3.65840,-0.98969,500.04159, 3.66120,-0.00146, 0.00833, 0.00013,-0.02630, 0.06384,-0.01285, 0.99798, 0.46440,219.76676,1454.64422,2110.32836,-2.02784,-0.08632, 0.06835,
29.60000,14799.65862,-141.58642,9999.16994, 0.32197, 3.65842,-0.99233,500.04167, 3.66120,-0.00146, 0.00831, 0.00013,-0.02626, 0.06384,-0.01285, 0.99798, 0.46440,219.76685,1454.64436,2110.32836,-2.02784,-0.08632, 0.06835,
29.70000,14849.65493,-142.47280,9999.16759, 0.32263, 3.65845,-0.99496,500.04175, 3.66120,-0.00146, 0.00830, 0.00014,-0.02622, 0.06384,-0.01285, 0.99798, 0.46440,219.76694,1454.64449,2110.32836,-2.02784,-0.08632, 0.06835,
29.80000,14899.65121,-143.36150,9999.16526, 0.32330, 3.65848,-0.99758,500.04184, 3.66120,-0.00146, 0.00828, 0.00014,-0.02618, 0.06384,-0.01285, 0.99798, 0.46440,219.76703,1454.64462,2110.32836,-2.02784,-0.08632, 0.06835,
29.90000,14949.64746,-144.25253,9999.16296, 0.32396, 3.65851,-1.00020,500.04192, 3.66120,-0.00145, 0.00827, 0.00014,-0.02614, 0.06384,-0.01285, 0.99798, 0.46440,219.76711,1454.64475,2110.32836,-2.02784,-0.08632, 0.06835,
30.00000,14999.64367,-145.14588,9999.16069, 0.32461, 3.65854,-1.00282,500.04199, 3.66120,-0.00145, 0.00825, 0.00014,-0.02610, 0.06384,-0.01285, 0.99798, 0.46440,219.76720,1454.64488,2110.32836,-2.02784,-0.08632, 0.06835,
