
time,npos,epos,alt,phi,theta,psi,vel,alpha,beta,p,q,r,nx,ny,nz,mach,qbar,ps,

 0.00000, 0.00000, 0.00000,10000.00000, 0.00000, 1.17973, 0.00000,700.00000, 1.17973, 0.00000, 0.00000, 0.00000, 0.00000, 0.02059,-0.01004, 0.99962, 0.65010,430.66005,1454.59743,2886.64684,-2.03852,-0.08758,-0.03877,
 0.10000,70.00000,-0.00160,9999.99997, 0.00015, 1.17973,-0.00006,700.00001, 1.17977,-0.00255, 0.00436,-0.00001,-0.00162, 0.02059,-0.00974, 0.99963, 0.65010,430.66006,1454.59743,2886.64684,-2.03852,-0.08758,-0.03877,
 0.20000,140.00000,-0.00633,9999.99990, 0.00106, 1.17972,-0.00042,700.00003, 1.17981,-0.00469, 0.01471,-0.00003,-0.00607, 0.02059,-0.00950, 0.99963, 0.65010,430.66008,1454.59743,2886.64684,-2.03852,-0.08758,-0.03877,
 0.30000,210.00001,-0.01412,9999.99977, 0.00314, 1.17972,-0.00134,700.00005, 1.17984,-0.00620, 0.02731,-0.00007,-0.01255, 0.02059,-0.00934, 0.99964, 0.65010,430.66012,1454.59744,2886.64684,-2.03852,-0.08758,-0.03877,
 0.40000,280.00001,-0.02489,9999.99959, 0.00644, 1.17971,-0.00296,700.00009, 1.17987,-0.00693, 0.03906,-0.00013,-0.02007, 0.02060,-0.00927, 0.99964, 0.65010,430.66016,1454.59745,2886.64684,-2.03852,-0.08758,-0.03877,
 0.50000,350.00002,-0.03862,9999.99937, 0.01076, 1.17969,-0.00535,700.00013, 1.17989,-0.00686, 0.04765,-0.00019,-0.02760, 0.02060,-0.00930, 0.99965, 0.65010,430.66021,1454.59746,2886.64684,-2.03852,-0.08758,-0.03877,
 0.60000,420.00003,-0.05527,9999.99911, 0.01571, 1.17967,-0.00845,700.00016, 1.17991,-0.00606, 0.05165,-0.00026,-0.03418, 0.02059,-0.00941, 0.99966, 0.65010,430.66026,1454.59748,2886.64684,-2.03852,-0.08758,-0.03877,
 0.70000,490.00005,-0.07487,9999.99880, 0.02078, 1.17964,-0.01213,700.00019, 1.17991,-0.00469, 0.05050,-0.00034,-0.03907, 0.02059,-0.00958, 0.99966, 0.65010,430.66031,1454.59749,2886.64684,-2.03852,-0.08758,-0.03877,
 0.80000,560.00007,-0.09743,9999.99846, 0.02548, 1.17961,-0.01620,700.00022, 1.17990,-0.00297, 0.04449,-0.00041,-0.04179, 0.02059,-0.00979, 0.99967, 0.65010,430.66034,1454.59751,2886.64684,-2.03852,-0.08758,-0.03877,
 0.90000,630.00008,-0.12300,9999.99808, 0.02938, 1.17957,-0.02041,700.00024, 1.17989,-0.00115, 0.03459,-0.00047,-0.04217, 0.02059,-0.01000, 0.99967, 0.65010,430.66037,1454.59754,2886.64684,-2.03852,-0.08758,-0.03877,
 1.00000,700.00010,-0.15162,9999.99767, 0.03215, 1.17952,-0.02456,700.00026, 1.17987, 0.00053, 0.02225,-0.00051,-0.04035, 0.02059,-0.01020, 0.99967, 0.65010,430.66040,1454.59756,2886.64684,-2.03852,-0.08758,-0.03877,
 1.10000,770.00012,-0.18334,9999.99721, 0.03364, 1.17947,-0.02842,700.00028, 1.17985, 0.00187, 0.00928,-0.00054,-0.03668, 0.02059,-0.01034, 0.99966, 0.65010,430.66043,1454.59758,2886.64684,-2.03852,-0.08758,-0.03877,
 1.20000,840.00014,-0.21820,9999.99672, 0.03389, 1.17942,-0.03185,700.00031, 1.17984, 0.00273,-0.00269,-0.00054,-0.03177, 0.02059,-0.01043, 0.99965, 0.65010,430.66047,1454.59761,2886.64684,-2.03852,-0.08758,-0.03877,
 1.30000,910.00017,-0.25623,9999.99618, 0.03305, 1.17936,-0.03476,700.00034, 1.17982, 0.00302,-0.01230,-0.00052,-0.02637, 0.02059,-0.01045, 0.99964, 0.65010,430.66052,1454.59764,2886.64684,-2.03852,-0.08758,-0.03877,
 1.40000,980.00019,-0.29742,9999.99560, 0.03143, 1.17931,-0.03714,700.00038, 1.17981, 0.00277,-0.01859,-0.00050,-0.02123, 0.02059,-0.01040, 0.99964, 0.65010,430.66057,1454.59768,2886.64684,-2.03852,-0.08758,-0.03877,
 1.50000,1050.00021,-0.34179,9999.99497, 0.02937, 1.17927,-0.03904,700.00041, 1.17980, 0.00204,-0.02105,-0.00048,-0.01701, 0.02059,-0.01031, 0.99964, 0.65010,430.66062,1454.59771,2886.64684,-2.03852,-0.08758,-0.03877,
 1.60000,1120.00024,-0.38931,9999.99429, 0.02727, 1.17922,-0.04059,700.00045, 1.17979, 0.00097,-0.01973,-0.00045,-0.01418, 0.02059,-0.01018, 0.99964, 0.65010,430.66068,1454.59775,2886.64684,-2.03852,-0.08758,-0.03877,
 1.70000,1190.00027,-0.43995,9999.99357, 0.02548, 1.17918,-0.04193,700.00048, 1.17979,-0.00026,-0.01515,-0.00043,-0.01300, 0.02059,-0.01004, 0.99964, 0.65010,430.66073,1454.59779,2886.64684,-2.03852,-0.08758,-0.03877,
 1.80000,1260.00030,-0.49368,9999.99279, 0.02427, 1.17914,-0.04324,700.00052, 1.17979,-0.00149,-0.00808,-0.00040,-0.01342, 0.02059,-0.00989, 0.99963, 0.65010,430.66078,1454.59783,2886.64684,-2.03852,-0.08758,-0.03877,
 1.90000,1330.00033,-0.55045,9999.99197, 0.02385, 1.17910,-0.04467,700.00056, 1.17979,-0.00255, 0.00037,-0.00037,-0.01525, 0.02059,-0.00977, 0.99963, 0.65010,430.66085,1454.59788,2886.64684,-2.03852,-0.08758,-0.03877,
 2.00000,1400.00036,-0.61023,9999.99111, 0.02429, 1.17906,-0.04633,700.00061, 1.17980,-0.00333, 0.00895,-0.00035,-0.01813, 0.02059,-0.00969, 0.99963, 0.65010,430.66092,1454.59793,2886.64684,-2.03852,-0.08758,-0.03877,
 2.10000,1470.00040,-0.67300,9999.99019, 0.02553, 1.17903,-0.04831,700.00067, 1.17981,-0.00375, 0.01653,-0.00033,-0.02159, 0.02059,-0.00965, 0.99963, 0.65010,430.66100,1454.59798,2886.64684,-2.03852,-0.08758,-0.03877,
 2.20000,1540.00044,-0.73872,9999.98922, 0.02744, 1.17900,-0.05065,700.00073, 1.17981,-0.00379, 0.02222,-0.00032,-0.02516, 0.02059,-0.00965, 0.99963, 0.65010,430.66109,1454.59804,2886.64684,-2.03852,-0.08758,-0.03877,
 2.30000,1610.00048,-0.80740,9999.98820, 0.02979, 1.17897,-0.05333,700.00079, 1.17982,-0.00347, 0.02544,-0.00032,-0.02837, 0.02059,-0.00970, 0.99964, 0.65010,430.66118,1454.59809,2886.64684,-2.03852,-0.08758,-0.03877,
 2.40000,1680.00052,-0.87903,9999.98714, 0.03232, 1.17894,-0.05630,700.00085, 1.17983,-0.00287, 0.02598,-0.00033,-0.03084, 0.02059,-0.00977, 0.99964, 0.65010,430.66126,1454.59815,2886.64684,-2.03852,-0.08758,-0.03877,
 2.50000,1750.00057,-0.95362,9999.98603, 0.03478, 1.17891,-0.05947,700.00090, 1.17983,-0.00209, 0.02397,-0.00034,-0.03232, 0.02059,-0.00987, 0.99965, 0.65010,430.66135,1454.59822,2886.64684,-2.03852,-0.08758,-0.03877,
 2.60000,1820.00062,-1.03119,9999.98488, 0.03692, 1.17887,-0.06273,700.00096, 1.17983,-0.00123, 0.01990,-0.00036,-0.03270, 0.02059,-0.00997, 0.99965, 0.65010,430.66143,1454.59828,2886.64684,-2.03852,-0.08758,-0.03877,
 2.70000,1890.00067,-1.11177,9999.98369, 0.03857, 1.17884,-0.06597,700.00101, 1.17983,-0.00042, 0.01443,-0.00038,-0.03202, 0.02059,-0.01007, 0.99966, 0.65010,430.66152,1454.59835,2886.64684,-2.03852,-0.08758,-0.03877,
 2.80000,1960.00073,-1.19536,9999.98246, 0.03965, 1.17880,-0.06911,700.00106, 1.17983, 0.00026, 0.00838,-0.00040,-0.03046, 0.02059,-0.01014, 0.99966, 0.65010,430.66160,1454.59842,2886.64684,-2.03852,-0.08758,-0.03877,
 2.90000,2030.00078,-1.28200,9999.98119, 0.04014, 1.17876,-0.07205,700.00112, 1.17982, 0.00071, 0.00262,-0.00041,-0.02824, 0.02059,-0.01019, 0.99965, 0.65010,430.66168,1454.59849,2886.64684,-2.03852,-0.08758,-0.03877,
 3.00000,2100.00084,-1.37168,9999.97988, 0.04009, 1.17873,-0.07475,700.00118, 1.17982, 0.00091,-0.00218,-0.00041,-0.02572, 0.02059,-0.01020, 0.99965, 0.65010,430.66177,1454.59856,2886.64684,-2.03852,-0.08758,-0.03877,
 3.10000,2170.00090,-1.46443,9999.97852, 0.03964, 1.17869,-0.07719,700.00124, 1.17981, 0.00085,-0.00549,-0.00041,-0.02325, 0.02059,-0.01019, 0.99965, 0.65010,430.66187,1454.59864,2886.64684,-2.03852,-0.08758,-0.03877,
 3.20000,2240.00096,-1.56022,9999.97713, 0.03896, 1.17865,-0.07941,700.00130, 1.17981, 0.00055,-0.00705,-0.00040,-0.02114, 0.02059,-0.01015, 0.99965, 0.65010,430.66196,1454.59872,2886.64684,-2.03852,-0.08758,-0.03877,
 3.30000,2310.00102,-1.65907,9999.97569, 0.03821, 1.17861,-0.08144,700.00137, 1.17980, 0.00008,-0.00681,-0.00040,-0.01964, 0.02059,-0.01009, 0.99965, 0.65010,430.66206,1454.59880,2886.64684,-2.03852,-0.08758,-0.03877,
 3.40000,2380.00109,-1.76095,9999.97420, 0.03757, 1.17857,-0.08336,700.00143, 1.17980,-0.00049,-0.00494,-0.00039,-0.01889, 0.02059,-0.01002, 0.99965, 0.65010,430.66216,1454.59889,2886.64684,-2.03852,-0.08758,-0.03877,
 3.50000,2450.00116,-1.86584,9999.97268, 0.03718, 1.17853,-0.08524,700.00150, 1.17980,-0.00107,-0.00179,-0.00038,-0.01889, 0.02059,-0.00995, 0.99964, 0.65010,430.66226,1454.59897,2886.64684,-2.03852,-0.08758,-0.03877,
 3.60000,2520.00123,-1.97372,9999.97111, 0.03716, 1.17850,-0.08716,700.00157, 1.17980,-0.00160, 0.00213,-0.00037,-0.01958, 0.02059,-0.00989, 0.99964, 0.65010,430.66238,1454.59906,2886.64684,-2.03852,-0.08758,-0.03877,
 3.70000,2590.00130,-2.08458,9999.96949, 0.03754, 1.17846,-0.08918,700.00165, 1.17980,-0.00200, 0.00624,-0.00036,-0.02081, 0.02059,-0.00985, 0.99964, 0.65010,430.66249,1454.59915,2886.64684,-2.03852,-0.08758,-0.03877,
 3.80000,2660.00138,-2.19840,9999.96783, 0.03831, 1.17843,-0.09134,700.00173, 1.17981,-0.00224, 0.01000,-0.00035,-0.02237, 0.02059,-0.00983, 0.99964, 0.65010,430.66262,1454.59925,2886.64684,-2.03852,-0.08758,-0.03877,
 3.90000,2730.00146,-2.31516,9999.96612, 0.03942, 1.17840,-0.09366,700.00182, 1.17981,-0.00231, 0.01295,-0.00034,-0.02404, 0.02059,-0.00982, 0.99964, 0.65010,430.66274,1454.59934,2886.64684,-2.03852,-0.08758,-0.03877,
 4.00000,2800.00154,-2.43487,9999.96437, 0.04076, 1.17836,-0.09614,700.00190, 1.17982,-0.00220, 0.01479,-0.00034,-0.02560, 0.02059,-0.00984, 0.99965, 0.65010,430.66287,1454.59944,2886.64684,-2.03852,-0.08758,-0.03877,
 4.10000,2870.00163,-2.55751,9999.96258, 0.04223, 1.17833,-0.09877,700.00199, 1.17982,-0.00195, 0.01537,-0.00034,-0.02685, 0.02059,-0.00987, 0.99965, 0.65010,430.66300,1454.59954,2886.64684,-2.03852,-0.08758,-0.03877,
 4.20000,2940.00172,-2.68309,9999.96075, 0.04369, 1.17830,-0.10150,700.00208, 1.17982,-0.00159, 0.01473,-0.00035,-0.02766, 0.02059,-0.00992, 0.99965, 0.65011,430.66313,1454.59965,2886.64684,-2.03852,-0.08758,-0.03877,
 4.30000,3010.00181,-2.81162,9999.95887, 0.04502, 1.17827,-0.10429,700.00216, 1.17982,-0.00119, 0.01304,-0.00036,-0.02796, 0.02059,-0.00996, 0.99965, 0.65011,430.66327,1454.59975,2886.64684,-2.03852,-0.08758,-0.03877,
 4.40000,3080.00191,-2.94310,9999.95695, 0.04615, 1.17823,-0.10708,700.00225, 1.17982,-0.00080, 0.01060,-0.00036,-0.02775, 0.02059,-0.01001, 0.99966, 0.65011,430.66340,1454.59986,2886.64684,-2.03852,-0.08758,-0.03877,
 4.50000,3150.00201,-3.07753,9999.95499, 0.04702, 1.17820,-0.10982,700.00234, 1.17982,-0.00046, 0.00779,-0.00037,-0.02710, 0.02059,-0.01005, 0.99966, 0.65011,430.66353,1454.59997,2886.64684,-2.03852,-0.08758,-0.03877,
 4.60000,3220.00211,-3.21494,9999.95299, 0.04760, 1.17816,-0.11249,700.00242, 1.17981,-0.00022, 0.00498,-0.00038,-0.02612, 0.02059,-0.01007, 0.99966, 0.65011,430.66366,1454.60008,2886.64684,-2.03852,-0.08758,-0.03877,
 4.70000,3290.00222,-3.35532,9999.95095, 0.04792, 1.17813,-0.11504,700.00251, 1.17981,-0.00009, 0.00254,-0.00038,-0.02497, 0.02059,-0.01009, 0.99966, 0.65011,430.66380,1454.60020,2886.64684,-2.03852,-0.08758,-0.03877,
 4.80000,3360.00233,-3.49868,9999.94888, 0.04803, 1.17809,-0.11748,700.00260, 1.17981,-0.00009, 0.00073,-0.00038,-0.02379, 0.02059,-0.01008, 0.99966, 0.65011,430.66394,1454.60032,2886.64684,-2.03852,-0.08758,-0.03877,
 4.90000,3430.00244,-3.64501,9999.94676, 0.04799, 1.17805,-0.11981,700.00269, 1.17981,-0.00020,-0.00026,-0.00038,-0.02274, 0.02059,-0.01007, 0.99965, 0.65011,430.66408,1454.60044,2886.64684,-2.03852,-0.08758,-0.03877,
 5.00000,3500.00256,-3.79431,9999.94460, 0.04791, 1.17802,-0.12204,700.00278, 1.17980,-0.00039,-0.00038,-0.00037,-0.02193, 0.02059,-0.01004, 0.99965, 0.65011,430.66422,1454.60056,2886.64684,-2.03852,-0.08758,-0.03877,
 5.10000,3570.00267,-3.94658,9999.94240, 0.04785, 1.17798,-0.12420,700.00288, 1.17980,-0.00065, 0.00030,-0.00037,-0.02145, 0.02059,-0.01001, 0.99965, 0.65011,430.66437,1454.60068,2886.64684,-2.03852,-0.08758,-0.03877,
 5.20000,3640.00279,-4.10179,9999.94016, 0.04790, 1.17795,-0.12634,700.00298, 1.17980,-0.00092, 0.00164,-0.00036,-0.02133, 0.02059,-0.00998, 0.99965, 0.65011,430.66453,1454.60081,2886.64684,-2.03852,-0.08758,-0.03877,
 5.30000,3710.00292,-4.25995,9999.93788, 0.04811, 1.17792,-0.12848,700.00308, 1.17980,-0.00118, 0.00342,-0.00035,-0.02154, 0.02059,-0.00995, 0.99965, 0.65011,430.66468,1454.60094,2886.64684,-2.03852,-0.08758,-0.03877,
 5.40000,3780.00305,-4.42104,9999.93555, 0.04850, 1.17788,-0.13066,700.00319, 1.17980,-0.00139, 0.00536,-0.00034,-0.02202, 0.02059,-0.00992, 0.99965, 0.65011,430.66484,1454.60107,2886.64684,-2.03852,-0.08758,-0.03877,
 5.50000,3850.00318,-4.58505,9999.93319, 0.04909, 1.17785,-0.13289,700.00330, 1.17981,-0.00153, 0.00721,-0.00034,-0.02271, 0.02059,-0.00991, 0.99965, 0.65011,430.66501,1454.60120,2886.64684,-2.03852,-0.08758,-0.03877,
 5.60000,3920.00332,-4.75197,9999.93078, 0.04984, 1.17782,-0.13520,700.00341, 1.17981,-0.00159, 0.00874,-0.00033,-0.02347, 0.02059,-0.00991, 0.99965, 0.65011,430.66518,1454.60134,2886.64684,-2.03852,-0.08758,-0.03877,
 5.70000,3990.00346,-4.92180,9999.92833, 0.05072, 1.17779,-0.13759,700.00352, 1.17981,-0.00156, 0.00978,-0.00033,-0.02422, 0.02059,-0.00991, 0.99965, 0.65011,430.66535,1454.60148,2886.64684,-2.03852,-0.08758,-0.03877,
 5.80000,4060.00360,-5.09453,9999.92584, 0.05168, 1.17776,-0.14004,700.00363, 1.17981,-0.00146, 0.01025,-0.00033,-0.02485, 0.02059,-0.00992, 0.99966, 0.65011,430.66552,1454.60162,2886.64684,-2.03852,-0.08758,-0.03877,
 5.90000,4130.00375,-5.27017,9999.92331, 0.05265, 1.17773,-0.14255,700.00375, 1.17981,-0.00131, 0.01013,-0.00034,-0.02529, 0.02059,-0.00994, 0.99966, 0.65011,430.66570,1454.60176,2886.64684,-2.03852,-0.08758,-0.03877,
 6.00000,4200.00390,-5.44871,9999.92075, 0.05358, 1.17769,-0.14509,700.00386, 1.17981,-0.00113, 0.00949,-0.00034,-0.02549, 0.02059,-0.00996, 0.99966, 0.65011,430.66587,1454.60191,2886.64684,-2.03852,-0.08758,-0.03877,
 6.10000,4270.00406,-5.63015,9999.91814, 0.05443, 1.17766,-0.14764,700.00398, 1.17981,-0.00094, 0.00844,-0.00034,-0.02546, 0.02059,-0.00999, 0.99966, 0.65011,430.66605,1454.60206,2886.64684,-2.03852,-0.08758,-0.03877,
 6.20000,4340.00422,-5.81451,9999.91549, 0.05516, 1.17763,-0.15018,700.00410, 1.17981,-0.00077, 0.00716,-0.00035,-0.02520, 0.02059,-0.01001, 0.99966, 0.65011,430.66623,1454.60220,2886.64684,-2.03852,-0.08758,-0.03877,
 6.30000,4410.00439,-6.00177,9999.91281, 0.05576, 1.17760,-0.15268,700.00421, 1.17981,-0.00064, 0.00582,-0.00035,-0.02478, 0.02059,-0.01002, 0.99966, 0.65011,430.66641,1454.60236,2886.64684,-2.03852,-0.08758,-0.03877,
 6.40000,4480.00455,-6.19194,9999.91009, 0.05623, 1.17757,-0.15513,700.00433, 1.17981,-0.00056, 0.00460,-0.00035,-0.02424, 0.02059,-0.01003, 0.99966, 0.65011,430.66659,1454.60251,2886.64684,-2.03852,-0.08758,-0.03877,
 6.50000,4550.00473,-6.38503,9999.90733, 0.05659, 1.17753,-0.15753,700.00445, 1.17981,-0.00054, 0.00365,-0.00035,-0.02367, 0.02059,-0.01003, 0.99966, 0.65011,430.66678,1454.60267,2886.64684,-2.03852,-0.08758,-0.03877,
 6.60000,4620.00490,-6.58102,9999.90453, 0.05687, 1.17750,-0.15987,700.00458, 1.17981,-0.00057, 0.00305,-0.00035,-0.02314, 0.02059,-0.01002, 0.99966, 0.65011,430.66697,1454.60282,2886.64684,-2.03852,-0.08758,-0.03877,
 6.70000,4690.00509,-6.77992,9999.90170, 0.05712, 1.17747,-0.16216,700.00470, 1.17981,-0.00065, 0.00285,-0.00035,-0.02271, 0.02059,-0.01001, 0.99966, 0.65011,430.66716,1454.60298,2886.64684,-2.03852,-0.08758,-0.03877,
 6.80000,4760.00527,-6.98172,9999.89882, 0.05736, 1.17744,-0.16442,700.00482, 1.17980,-0.00076, 0.00305,-0.00034,-0.02242, 0.02059,-0.01000, 0.99966, 0.65011,430.66735,1454.60315,2886.64684,-2.03852,-0.08758,-0.03877,
 6.90000,4830.00546,-7.18642,9999.89591, 0.05764, 1.17740,-0.16665,700.00495, 1.17980,-0.00089, 0.00359,-0.00034,-0.02229, 0.02059,-0.00998, 0.99966, 0.65011,430.66755,1454.60331,2886.64684,-2.03852,-0.08758,-0.03877,
 7.00000,4900.00565,-7.39400,9999.89296, 0.05799, 1.17737,-0.16888,700.00508, 1.17980,-0.00102, 0.00436,-0.00033,-0.02233, 0.02059,-0.00997, 0.99966, 0.65011,430.66775,1454.60348,2886.64684,-2.03852,-0.08758,-0.03877,
 7.10000,4970.00585,-7.60447,9999.88997, 0.05843, 1.17734,-0.17112,700.00521, 1.17980,-0.00112, 0.00525,-0.00033,-0.02250, 0.02059,-0.00996, 0.99966, 0.65011,430.66795,1454.60365,2886.64684,-2.03852,-0.08758,-0.03877,
 7.20000,5040.00605,-7.81782,9999.88695, 0.05895, 1.17731,-0.17339,700.00535, 1.17981,-0.00120, 0.00614,-0.00033,-0.02278, 0.02059,-0.00995, 0.99966, 0.65011,430.66816,1454.60382,2886.64684,-2.03852,-0.08758,-0.03877,
 7.30000,5110.00626,-8.03403,9999.88388, 0.05956, 1.17728,-0.17568,700.00548, 1.17981,-0.00124, 0.00692,-0.00032,-0.02312, 0.02059,-0.00995, 0.99966, 0.65011,430.66836,1454.60399,2886.64684,-2.03852,-0.08758,-0.03877,
 7.40000,5180.00648,-8.25311,9999.88078, 0.06023, 1.17725,-0.17801,700.00562, 1.17981,-0.00124, 0.00748,-0.00032,-0.02347, 0.02059,-0.00995, 0.99966, 0.65011,430.66858,1454.60417,2886.64684,-2.03852,-0.08758,-0.03877,
 7.50000,5250.00669,-8.47505,9999.87764, 0.06095, 1.17722,-0.18038,700.00576, 1.17981,-0.00120, 0.00779,-0.00032,-0.02377, 0.02059,-0.00995, 0.99966, 0.65011,430.66879,1454.60434,2886.64684,-2.03852,-0.08758,-0.03877,
 7.60000,5320.00691,-8.69985,9999.87446, 0.06168, 1.17719,-0.18276,700.00590, 1.17981,-0.00114, 0.00782,-0.00032,-0.02400, 0.02059,-0.00996, 0.99966, 0.65011,430.66900,1454.60452,2886.64684,-2.03852,-0.08758,-0.03877,
 7.70000,5390.00714,-8.92752,9999.87125, 0.06241, 1.17716,-0.18517,700.00604, 1.17981,-0.00105, 0.00759,-0.00032,-0.02412, 0.02059,-0.00997, 0.99967, 0.65011,430.66922,1454.60471,2886.64684,-2.03852,-0.08758,-0.03877,
 7.80000,5460.00737,-9.15803,9999.86800, 0.06310, 1.17713,-0.18759,700.00618, 1.17981,-0.00096, 0.00715,-0.00032,-0.02413, 0.02059,-0.00998, 0.99967, 0.65011,430.66944,1454.60489,2886.64684,-2.03852,-0.08758,-0.03877,
 7.90000,5530.00761,-9.39141,9999.86472, 0.06373, 1.17710,-0.19000,700.00633, 1.17981,-0.00088, 0.00658,-0.00032,-0.02403, 0.02058,-0.00999, 0.99967, 0.65011,430.66966,1454.60508,2886.64684,-2.03852,-0.08758,-0.03877,
 8.00000,5600.00785,-9.62764,9999.86140, 0.06431, 1.17707,-0.19239,700.00647, 1.17981,-0.00081, 0.00595,-0.00032,-0.02384, 0.02058,-0.01000, 0.99967, 0.65011,430.66988,1454.60526,2886.64684,-2.03852,-0.08758,-0.03877,
 8.10000,5670.00810,-9.86673,9999.85804, 0.06483, 1.17704,-0.19476,700.00662, 1.17981,-0.00077, 0.00534,-0.00032,-0.02359, 0.02058,-0.01000, 0.99967, 0.65011,430.67011,1454.60545,2886.64684,-2.03852,-0.08758,-0.03877,
 8.20000,5740.00835,-10.10867,9999.85465, 0.06529, 1.17702,-0.19711,700.00676, 1.17981,-0.00075, 0.00485,-0.00032,-0.02331, 0.02058,-0.01000, 0.99967, 0.65011,430.67033,1454.60564,2886.64684,-2.03852,-0.08758,-0.03877,
 8.30000,5810.00860,-10.35347,9999.85122, 0.06571, 1.17699,-0.19943,700.00691, 1.17981,-0.00075, 0.00450,-0.00032,-0.02304, 0.02058,-0.01000, 0.99967, 0.65011,430.67056,1454.60584,2886.64684,-2.03852,-0.08758,-0.03877,
 8.40000,5880.00886,-10.60111,9999.84776, 0.06610, 1.17696,-0.20172,700.00706, 1.17981,-0.00078, 0.00435,-0.00032,-0.02281, 0.02058,-0.01000, 0.99967, 0.65011,430.67079,1454.60603,2886.64684,-2.03852,-0.08758,-0.03877,
 8.50000,5950.00913,-10.85160,9999.84427, 0.06649, 1.17693,-0.20399,700.00721, 1.17980,-0.00083, 0.00438,-0.00032,-0.02264, 0.02058,-0.00999, 0.99967, 0.65011,430.67103,1454.60623,2886.64684,-2.03852,-0.08758,-0.03877,
 8.60000,6020.00940,-11.10493,9999.84074, 0.06689, 1.17690,-0.20625,700.00737, 1.17980,-0.00089, 0.00458,-0.00031,-0.02254, 0.02058,-0.00999, 0.99967, 0.65011,430.67126,1454.60643,2886.64684,-2.03852,-0.08758,-0.03877,
 8.70000,6090.00968,-11.36110,9999.83717, 0.06731, 1.17687,-0.20850,700.00752, 1.17980,-0.00095, 0.00490,-0.00031,-0.02252, 0.02058,-0.00998, 0.99967, 0.65011,430.67150,1454.60663,2886.64684,-2.03852,-0.08758,-0.03877,
 8.80000,6160.00996,-11.62011,9999.83357, 0.06778, 1.17684,-0.21076,700.00768, 1.17980,-0.00100, 0.00531,-0.00031,-0.02257, 0.02058,-0.00997, 0.99967, 0.65011,430.67174,1454.60684,2886.64684,-2.03852,-0.08758,-0.03877,
 8.90000,6230.01024,-11.88194,9999.82994, 0.06828, 1.17681,-0.21302,700.00784, 1.17980,-0.00104, 0.00573,-0.00030,-0.02267, 0.02058,-0.00997, 0.99967, 0.65011,430.67198,1454.60704,2886.64684,-2.03852,-0.08758,-0.03877,
 9.00000,6300.01053,-12.14659,9999.82627, 0.06883, 1.17679,-0.21529,700.00799, 1.17980,-0.00107, 0.00611,-0.00030,-0.02281, 0.02058,-0.00997, 0.99967, 0.65011,430.67223,1454.60725,2886.64684,-2.03852,-0.08758,-0.03877,
 9.10000,6370.01083,-12.41407,9999.82256, 0.06941, 1.17676,-0.21758,700.00815, 1.17981,-0.00107, 0.00641,-0.00030,-0.02296, 0.02058,-0.00997, 0.99967, 0.65011,430.67248,1454.60746,2886.64684,-2.03852,-0.08758,-0.03877,
 9.20000,6440.01113,-12.68436,9999.81883, 0.07001, 1.17673,-0.21989,700.00832, 1.17981,-0.00106, 0.00659,-0.00030,-0.02310, 0.02058,-0.00997, 0.99967, 0.65011,430.67273,1454.60767,2886.64684,-2.03852,-0.08758,-0.03877,
 9.30000,6510.01144,-12.95746,9999.81506, 0.07063, 1.17670,-0.22220,700.00848, 1.17981,-0.00103, 0.00665,-0.00030,-0.02321, 0.02058,-0.00997, 0.99967, 0.65011,430.67298,1454.60788,2886.64684,-2.03852,-0.08758,-0.03877,
 9.40000,6580.01175,-13.23338,9999.81125, 0.07124, 1.17668,-0.22453,700.00864, 1.17981,-0.00099, 0.00657,-0.00030,-0.02327, 0.02058,-0.00998, 0.99967, 0.65011,430.67323,1454.60810,2886.64684,-2.03852,-0.08758,-0.03877,
 9.50000,6650.01207,-13.51211,9999.80742, 0.07184, 1.17665,-0.22686,700.00881, 1.17981,-0.00095, 0.00639,-0.00030,-0.02328, 0.02058,-0.00998, 0.99968, 0.65011,430.67349,1454.60831,2886.64684,-2.03852,-0.08758,-0.03877,
 9.60000,6720.01239,-13.79364,9999.80355, 0.07242, 1.17662,-0.22918,700.00898, 1.17981,-0.00091, 0.00614,-0.00030,-0.02324, 0.02058,-0.00999, 0.99968, 0.65011,430.67374,1454.60853,2886.64684,-2.03852,-0.08758,-0.03877,
 9.70000,6790.01272,-14.07798,9999.79965, 0.07297, 1.17660,-0.23150,700.00914, 1.17981,-0.00088, 0.00584,-0.00030,-0.02315, 0.02058,-0.00999, 0.99968, 0.65011,430.67400,1454.60875,2886.64684,-2.03852,-0.08758,-0.03877,
 9.80000,6860.01305,-14.36513,9999.79572, 0.07350, 1.17657,-0.23381,700.00931, 1.17980,-0.00085, 0.00555,-0.00029,-0.02303, 0.02058,-0.00999, 0.99968, 0.65011,430.67426,1454.60898,2886.64684,-2.03852,-0.08758,-0.03877,
 9.90000,6930.01339,-14.65508,9999.79175, 0.07399, 1.17654,-0.23611,700.00948, 1.17980,-0.00084, 0.00529,-0.00029,-0.02289, 0.02058,-0.00999, 0.99968, 0.65011,430.67452,1454.60920,2886.64684,-2.03852,-0.08758,-0.03877,
10.00000,7000.01374,-14.94782,9999.78776, 0.07446, 1.17652,-0.23839,700.00965, 1.17980,-0.00084, 0.00510,-0.00029,-0.02275, 0.02058,-0.00999, 0.99968, 0.65011,430.67479,1454.60943,2886.64684,-2.03852,-0.08758,-0.03877,
10.10000,7070.01409,-15.24337,9999.78373, 0.07492, 1.17649,-0.24066,700.00982, 1.17980,-0.00085, 0.00500,-0.00029,-0.02262, 0.02058,-0.00999, 0.99968, 0.65011,430.67505,1454.60965,2886.64684,-2.03852,-0.08758,-0.03877,
10.20000,7140.01444,-15.54171,9999.77967, 0.07537, 1.17647,-0.24292,700.01000, 1.17980,-0.00086, 0.00498,-0.00029,-0.02251, 0.02058,-0.00999, 0.99968, 0.65011,430.67532,1454.60988,2886.64684,-2.03852,-0.08758,-0.03877,
10.30000,7210.01480,-15.84284,9999.77558, 0.07583, 1.17644,-0.24516,700.01017, 1.17980,-0.00089, 0.00504,-0.00029,-0.02244, 0.02058,-0.00999, 0.99968, 0.65011,430.67559,1454.61011,2886.64684,-2.03852,-0.08758,-0.03877,
10.40000,7280.01517,-16.14675,9999.77146, 0.07629, 1.17642,-0.24741,700.01035, 1.17980,-0.00092, 0.00518,-0.00028,-0.02241, 0.02058,-0.00998, 0.99968, 0.65011,430.67586,1454.61035,2886.64684,-2.03852,-0.08758,-0.03877,
10.50000,7350.01554,-16.45345,9999.76731, 0.07677, 1.17639,-0.24965,700.01052, 1.17980,-0.00094, 0.00535,-0.00028,-0.02241, 0.02058,-0.00998, 0.99968, 0.65011,430.67614,1454.61058,2886.64684,-2.03852,-0.08758,-0.03877,
10.60000,7420.01592,-16.76293,9999.76313, 0.07727, 1.17637,-0.25189,700.01070, 1.17980,-0.00096, 0.00555,-0.00028,-0.02244, 0.02058,-0.00998, 0.99968, 0.65011,430.67641,1454.61082,2886.64684,-2.03852,-0.08758,-0.03877,
10.70000,7490.01630,-17.07519,9999.75891, 0.07779, 1.17634,-0.25414,700.01088, 1.17980,-0.00098, 0.00573,-0.00028,-0.02249, 0.02058,-0.00998, 0.99968, 0.65011,430.67669,1454.61106,2886.64684,-2.03852,-0.08758,-0.03877,
10.80000,7560.01669,-17.39022,9999.75467, 0.07832, 1.17632,-0.25639,700.01106, 1.17980,-0.00098, 0.00589,-0.00027,-0.02255, 0.02058,-0.00998, 0.99968, 0.65011,430.67697,1454.61130,2886.64684,-2.03852,-0.08758,-0.03877,
10.90000,7630.01708,-17.70802,9999.75040, 0.07887, 1.17629,-0.25865,700.01124, 1.17980,-0.00098, 0.00599,-0.00027,-0.02260, 0.02058,-0.00998, 0.99968, 0.65011,430.67725,1454.61154,2886.64684,-2.03852,-0.08758,-0.03877,
11.00000,7700.01748,-18.02859,9999.74610, 0.07943, 1.17627,-0.26091,700.01143, 1.17980,-0.00097, 0.00603,-0.00027,-0.02265, 0.02058,-0.00998, 0.99968, 0.65011,430.67753,1454.61178,2886.64684,-2.03852,-0.08758,-0.03877,
11.10000,7770.01789,-18.35192,9999.74177, 0.07998, 1.17624,-0.26318,700.01161, 1.17980,-0.00095, 0.00601,-0.00027,-0.02267, 0.02058,-0.00998, 0.99969, 0.65011,430.67782,1454.61203,2886.64684,-2.03852,-0.08758,-0.03877,
11.20000,7840.01830,-18.67801,9999.73741, 0.08053, 1.17622,-0.26545,700.01180, 1.17980,-0.00093, 0.00594,-0.00027,-0.02267, 0.02058,-0.00998, 0.99969, 0.65011,430.67810,1454.61227,2886.64684,-2.03852,-0.08758,-0.03877,
11.30000,7910.01871,-19.00686,9999.73302, 0.08107, 1.17620,-0.26771,700.01198, 1.17980,-0.00091, 0.00582,-0.00027,-0.02265, 0.02058,-0.00998, 0.99969, 0.65011,430.67839,1454.61252,2886.64684,-2.03852,-0.08758,-0.03877,
11.40000,7980.01913,-19.33847,9999.72860, 0.08160, 1.17617,-0.26998,700.01217, 1.17980,-0.00089, 0.00569,-0.00026,-0.02260, 0.02058,-0.00999, 0.99969, 0.65011,430.67868,1454.61277,2886.64684,-2.03852,-0.08758,-0.03877,
11.50000,8050.01956,-19.67284,9999.72416, 0.08212, 1.17615,-0.27223,700.01236, 1.17980,-0.00088, 0.00554,-0.00026,-0.02254, 0.02058,-0.00999, 0.99969, 0.65011,430.67897,1454.61302,2886.64684,-2.03852,-0.08758,-0.03877,
11.60000,8120.02000,-20.00995,9999.71969, 0.08262, 1.17613,-0.27449,700.01254, 1.17980,-0.00087, 0.00541,-0.00026,-0.02246, 0.02058,-0.00999, 0.99969, 0.65011,430.67926,1454.61327,2886.64684,-2.03852,-0.08758,-0.03877,
11.70000,8190.02043,-20.34982,9999.71519, 0.08311, 1.17610,-0.27673,700.01273, 1.17980,-0.00087, 0.00531,-0.00026,-0.02238, 0.02058,-0.00999, 0.99969, 0.65011,430.67956,1454.61353,2886.64684,-2.03852,-0.08758,-0.03877,
11.80000,8260.02088,-20.69243,9999.71066, 0.08359, 1.17608,-0.27896,700.01292, 1.17980,-0.00087, 0.00524,-0.00026,-0.02231, 0.02058,-0.00999, 0.99969, 0.65011,430.67985,1454.61379,2886.64684,-2.03852,-0.08758,-0.03877,
11.90000,8330.02133,-21.03779,9999.70610, 0.08407, 1.17606,-0.28119,700.01312, 1.17980,-0.00088, 0.00522,-0.00026,-0.02224, 0.02058,-0.00999, 0.99969, 0.65011,430.68015,1454.61404,2886.64684,-2.03852,-0.08758,-0.03877,
12.00000,8400.02178,-21.38589,9999.70152, 0.08455, 1.17604,-0.28341,700.01331, 1.17980,-0.00089, 0.00523,-0.00025,-0.02219, 0.02058,-0.00999, 0.99969, 0.65011,430.68045,1454.61430,2886.64684,-2.03852,-0.08758,-0.03877,
12.10000,8470.02224,-21.73673,9999.69691, 0.08503, 1.17602,-0.28563,700.01350, 1.17980,-0.00090, 0.00528,-0.00025,-0.02216, 0.02058,-0.00998, 0.99969, 0.65012,430.68075,1454.61456,2886.64684,-2.03852,-0.08758,-0.03877,
12.20000,8540.02271,-22.09030,9999.69228, 0.08551, 1.17599,-0.28785,700.01370, 1.17980,-0.00091, 0.00536,-0.00025,-0.02214, 0.02058,-0.00998, 0.99969, 0.65012,430.68105,1454.61482,2886.64684,-2.03852,-0.08758,-0.03877,
12.30000,8610.02318,-22.44661,9999.68762, 0.08601, 1.17597,-0.29006,700.01389, 1.17980,-0.00092, 0.00545,-0.00025,-0.02214, 0.02058,-0.00998, 0.99969, 0.65012,430.68135,1454.61509,2886.64684,-2.03852,-0.08758,-0.03877,
12.40000,8680.02366,-22.80564,9999.68293, 0.08651, 1.17595,-0.29227,700.01409, 1.17980,-0.00093, 0.00553,-0.00024,-0.02215, 0.02058,-0.00998, 0.99969, 0.65012,430.68166,1454.61535,2886.64684,-2.03852,-0.08758,-0.03877,
12.50000,8750.02415,-23.16740,9999.67822, 0.08702, 1.17593,-0.29449,700.01429, 1.17980,-0.00093, 0.00561,-0.00024,-0.02216, 0.02058,-0.00998, 0.99970, 0.65012,430.68197,1454.61562,2886.64684,-2.03852,-0.08758,-0.03877,
12.60000,8820.02464,-23.53188,9999.67348, 0.08754, 1.17591,-0.29671,700.01448, 1.17980,-0.00093, 0.00566,-0.00024,-0.02218, 0.02058,-0.00998, 0.99970, 0.65012,430.68227,1454.61589,2886.64684,-2.03852,-0.08758,-0.03877,
12.70000,8890.02513,-23.89908,9999.66872, 0.08806, 1.17589,-0.29893,700.01468, 1.17980,-0.00093, 0.00568,-0.00024,-0.02219, 0.02058,-0.00998, 0.99970, 0.65012,430.68258,1454.61616,2886.64684,-2.03852,-0.08758,-0.03877,
12.80000,8960.02563,-24.26900,9999.66393, 0.08858, 1.17587,-0.30115,700.01488, 1.17980,-0.00092, 0.00568,-0.00024,-0.02219, 0.02058,-0.00998, 0.99970, 0.65012,430.68289,1454.61643,2886.64684,-2.03852,-0.08758,-0.03877,
12.90000,9030.02614,-24.64164,9999.65912, 0.08911, 1.17585,-0.30337,700.01508, 1.17980,-0.00091, 0.00565,-0.00024,-0.02218, 0.02058,-0.00998, 0.99970, 0.65012,430.68320,1454.61670,2886.64684,-2.03852,-0.08758,-0.03877,
13.00000,9100.02665,-25.01698,9999.65428, 0.08962, 1.17583,-0.30558,700.01528, 1.17980,-0.00090, 0.00560,-0.00023,-0.02216, 0.02058,-0.00998, 0.99970, 0.65012,430.68352,1454.61697,2886.64684,-2.03852,-0.08758,-0.03877,
13.10000,9170.02717,-25.39504,9999.64942, 0.09014, 1.17581,-0.30780,700.01549, 1.17980,-0.00089, 0.00554,-0.00023,-0.02213, 0.02058,-0.00999, 0.99970, 0.65012,430.68383,1454.61725,2886.64684,-2.03852,-0.08758,-0.03877,
13.20000,9240.02769,-25.77580,9999.64453, 0.09064, 1.17579,-0.31001,700.01569, 1.17980,-0.00088, 0.00547,-0.00023,-0.02209, 0.02058,-0.00999, 0.99970, 0.65012,430.68415,1454.61752,2886.64684,-2.03852,-0.08758,-0.03877,
13.30000,9310.02822,-26.15926,9999.63962, 0.09114, 1.17577,-0.31222,700.01589, 1.17980,-0.00088, 0.00540,-0.00023,-0.02205, 0.02058,-0.00999, 0.99970, 0.65012,430.68446,1454.61780,2886.64684,-2.03852,-0.08758,-0.03877,
13.40000,9380.02875,-26.54543,9999.63469, 0.09163, 1.17575,-0.31442,700.01610, 1.17980,-0.00087, 0.00534,-0.00023,-0.02200, 0.02058,-0.00999, 0.99970, 0.65012,430.68478,1454.61808,2886.64684,-2.03852,-0.08758,-0.03877,
13.50000,9450.02929,-26.93430,9999.62974, 0.09212, 1.17573,-0.31662,700.01630, 1.17980,-0.00087, 0.00530,-0.00022,-0.02195, 0.02058,-0.00999, 0.99970, 0.65012,430.68510,1454.61836,2886.64684,-2.03852,-0.08758,-0.03877,
13.60000,9520.02984,-27.32586,9999.62476, 0.09260, 1.17571,-0.31881,700.01651, 1.17980,-0.00088, 0.00528,-0.00022,-0.02191, 0.02058,-0.00999, 0.99970, 0.65012,430.68542,1454.61864,2886.64684,-2.03852,-0.08758,-0.03877,
13.70000,9590.03039,-27.72012,9999.61976, 0.09308, 1.17569,-0.32100,700.01671, 1.17980,-0.00088, 0.00528,-0.00022,-0.02187, 0.02058,-0.00999, 0.99970, 0.65012,430.68574,1454.61892,2886.64684,-2.03852,-0.08758,-0.03877,
13.80000,9660.03094,-28.11706,9999.61474, 0.09357, 1.17568,-0.32319,700.01692, 1.17980,-0.00088, 0.00530,-0.00022,-0.02184, 0.02058,-0.00999, 0.99970, 0.65012,430.68607,1454.61921,2886.64684,-2.03852,-0.08758,-0.03877,
13.90000,9730.03151,-28.51670,9999.60969, 0.09405, 1.17566,-0.32537,700.01713, 1.17980,-0.00089, 0.00532,-0.00022,-0.02182, 0.02058,-0.00998, 0.99971, 0.65012,430.68639,1454.61949,2886.64684,-2.03852,-0.08758,-0.03877,
14.00000,9800.03207,-28.91901,9999.60463, 0.09454, 1.17564,-0.32755,700.01734, 1.17980,-0.00089, 0.00536,-0.00021,-0.02180, 0.02058,-0.00998, 0.99971, 0.65012,430.68672,1454.61978,2886.64684,-2.03852,-0.08758,-0.03877,
14.10000,9870.03265,-29.32401,9999.59954, 0.09504, 1.17562,-0.32973,700.01755, 1.17980,-0.00090, 0.00540,-0.00021,-0.02179, 0.02058,-0.00998, 0.99971, 0.65012,430.68704,1454.62007,2886.64684,-2.03852,-0.08758,-0.03877,
14.20000,9940.03322,-29.73169,9999.59443, 0.09553, 1.17560,-0.33191,700.01776, 1.17980,-0.00090, 0.00543,-0.00021,-0.02179, 0.02058,-0.00998, 0.99971, 0.65012,430.68737,1454.62036,2886.64684,-2.03852,-0.08758,-0.03877,
14.30000,10010.03381,-30.14205,9999.58930, 0.09603, 1.17559,-0.33409,700.01797, 1.17980,-0.00090, 0.00546,-0.00021,-0.02178, 0.02058,-0.00998, 0.99971, 0.65012,430.68770,1454.62065,2886.64684,-2.03852,-0.08758,-0.03877,
14.40000,10080.03440,-30.55508,9999.58415, 0.09653, 1.17557,-0.33627,700.01818, 1.17980,-0.00090, 0.00547,-0.00020,-0.02178, 0.02058,-0.00998, 0.99971, 0.65012,430.68803,1454.62094,2886.64684,-2.03852,-0.08758,-0.03877,
14.50000,10150.03499,-30.97078,9999.57898, 0.09704, 1.17555,-0.33845,700.01839, 1.17980,-0.00089, 0.00547,-0.00020,-0.02177, 0.02058,-0.00998, 0.99971, 0.65012,430.68836,1454.62123,2886.64684,-2.03852,-0.08758,-0.03877,
14.60000,10220.03559,-31.38914,9999.57379, 0.09754, 1.17554,-0.34062,700.01861, 1.17980,-0.00089, 0.00546,-0.00020,-0.02175, 0.02058,-0.00998, 0.99971, 0.65012,430.68869,1454.62152,2886.64684,-2.03852,-0.08758,-0.03877,
14.70000,10290.03619,-31.81017,9999.56858, 0.09804, 1.17552,-0.34280,700.01882, 1.17980,-0.00088, 0.00543,-0.00020,-0.02174, 0.02058,-0.00999, 0.99971, 0.65012,430.68902,1454.62182,2886.64684,-2.03852,-0.08758,-0.03877,
14.80000,10360.03680,-32.23387,9999.56335, 0.09854, 1.17551,-0.34497,700.01903, 1.17980,-0.00088, 0.00540,-0.00020,-0.02171, 0.02058,-0.00999, 0.99971, 0.65012,430.68936,1454.62211,2886.64684,-2.03852,-0.08758,-0.03877,
14.90000,10430.03742,-32.66022,9999.55810, 0.09903, 1.17549,-0.34714,700.01925, 1.17980,-0.00087, 0.00537,-0.00019,-0.02168, 0.02058,-0.00999, 0.99971, 0.65012,430.68969,1454.62241,2886.64684,-2.03852,-0.08758,-0.03877,
15.00000,10500.03804,-33.08923,9999.55283, 0.09952, 1.17547,-0.34931,700.01946, 1.17980,-0.00087, 0.00533,-0.00019,-0.02165, 0.02058,-0.00999, 0.99971, 0.65012,430.69003,1454.62271,2886.64684,-2.03852,-0.08758,-0.03877,
15.10000,10570.03867,-33.52090,9999.54755, 0.10001, 1.17546,-0.35147,700.01968, 1.17980,-0.00087, 0.00530,-0.00019,-0.02162, 0.02058,-0.00999, 0.99972, 0.65012,430.69036,1454.62301,2886.64684,-2.03852,-0.08758,-0.03877,
15.20000,10640.03930,-33.95521,9999.54224, 0.10049, 1.17544,-0.35363,700.01989, 1.17980,-0.00087, 0.00528,-0.00019,-0.02158, 0.02058,-0.00999, 0.99972, 0.65012,430.69070,1454.62331,2886.64684,-2.03852,-0.08758,-0.03877,
15.30000,10710.03993,-34.39218,9999.53692, 0.10098, 1.17543,-0.35579,700.02011, 1.17980,-0.00087, 0.00526,-0.00019,-0.02155, 0.02058,-0.00999, 0.99972, 0.65012,430.69104,1454.62361,2886.64684,-2.03852,-0.08758,-0.03877,
15.40000,10780.04057,-34.83179,9999.53158, 0.10146, 1.17541,-0.35794,700.02033, 1.17980,-0.00087, 0.00525,-0.00018,-0.02152, 0.02058,-0.00999, 0.99972, 0.65012,430.69138,1454.62391,2886.64684,-2.03852,-0.08758,-0.03877,
15.50000,10850.04122,-35.27405,9999.52622, 0.10194, 1.17540,-0.36010,700.02054, 1.17980,-0.00087, 0.00525,-0.00018,-0.02149, 0.02058,-0.00999, 0.99972, 0.65012,430.69172,1454.62421,2886.64684,-2.03852,-0.08758,-0.03877,
15.60000,10920.04187,-35.71895,9999.52085, 0.10242, 1.17539,-0.36224,700.02076, 1.17980,-0.00087, 0.00526,-0.00018,-0.02147, 0.02058,-0.00999, 0.99972, 0.65012,430.69206,1454.62452,2886.64684,-2.03852,-0.08758,-0.03877,
15.70000,10990.04253,-36.16648,9999.51545, 0.10290, 1.17537,-0.36439,700.02098, 1.17980,-0.00087, 0.00528,-0.00018,-0.02145, 0.02058,-0.00999, 0.99972, 0.65012,430.69240,1454.62482,2886.64684,-2.03852,-0.08758,-0.03877,
15.80000,11060.04319,-36.61665,9999.51005, 0.10339, 1.17536,-0.36653,700.02120, 1.17979,-0.00088, 0.00529,-0.00017,-0.02143, 0.02058,-0.00999, 0.99972, 0.65012,430.69274,1454.62513,2886.64684,-2.03852,-0.08758,-0.03877,
15.90000,11130.04386,-37.06946,9999.50462, 0.10387, 1.17534,-0.36868,700.02142, 1.17979,-0.00088, 0.00530,-0.00017,-0.02142, 0.02058,-0.00999, 0.99972, 0.65012,430.69308,1454.62543,2886.64684,-2.03852,-0.08758,-0.03877,
16.00000,11200.04453,-37.52489,9999.49918, 0.10436, 1.17533,-0.37082,700.02164, 1.17979,-0.00088, 0.00532,-0.00017,-0.02140, 0.02058,-0.00999, 0.99972, 0.65012,430.69343,1454.62574,2886.64684,-2.03852,-0.08758,-0.03877,
16.10000,11270.04520,-37.98295,9999.49372, 0.10485, 1.17532,-0.37296,700.02186, 1.17979,-0.00087, 0.00532,-0.00017,-0.02139, 0.02058,-0.00999, 0.99972, 0.65012,430.69377,1454.62605,2886.64684,-2.03852,-0.08758,-0.03877,
16.20000,11340.04588,-38.44363,9999.48825, 0.10534, 1.17531,-0.37510,700.02208, 1.17979,-0.00087, 0.00532,-0.00017,-0.02138, 0.02058,-0.00999, 0.99972, 0.65012,430.69411,1454.62636,2886.64684,-2.03852,-0.08758,-0.03877,
16.30000,11410.04657,-38.90694,9999.48276, 0.10582, 1.17529,-0.37724,700.02230, 1.17979,-0.00087, 0.00531,-0.00016,-0.02136, 0.02058,-0.00999, 0.99973, 0.65012,430.69446,1454.62667,2886.64684,-2.03852,-0.08758,-0.03877,
16.40000,11480.04726,-39.37287,9999.47726, 0.10631, 1.17528,-0.37937,700.02252, 1.17979,-0.00087, 0.00530,-0.00016,-0.02134, 0.02058,-0.00999, 0.99973, 0.65012,430.69481,1454.62698,2886.64684,-2.03852,-0.08758,-0.03877,
16.50000,11550.04795,-39.84141,9999.47174, 0.10680, 1.17527,-0.38150,700.02274, 1.17979,-0.00086, 0.00528,-0.00016,-0.02132, 0.02058,-0.00999, 0.99973, 0.65012,430.69515,1454.62729,2886.64684,-2.03852,-0.08758,-0.03877,
16.60000,11620.04865,-40.31256,9999.46621, 0.10728, 1.17526,-0.38363,700.02296, 1.17979,-0.00086, 0.00526,-0.00016,-0.02129, 0.02058,-0.00999, 0.99973, 0.65012,430.69550,1454.62761,2886.64684,-2.03852,-0.08758,-0.03877,
16.70000,11690.04936,-40.78633,9999.46066, 0.10776, 1.17524,-0.38576,700.02318, 1.17979,-0.00086, 0.00524,-0.00015,-0.02127, 0.02058,-0.00999, 0.99973, 0.65012,430.69585,1454.62792,2886.64684,-2.03852,-0.08758,-0.03877,
16.80000,11760.05006,-41.26271,9999.45510, 0.10824, 1.17523,-0.38789,700.02341, 1.17979,-0.00086, 0.00523,-0.00015,-0.02124, 0.02058,-0.00999, 0.99973, 0.65012,430.69620,1454.62823,2886.64684,-2.03852,-0.08758,-0.03877,
16.90000,11830.05078,-41.74169,9999.44953, 0.10872, 1.17522,-0.39001,700.02363, 1.17979,-0.00086, 0.00521,-0.00015,-0.02121, 0.02058,-0.00999, 0.99973, 0.65012,430.69655,1454.62855,2886.64684,-2.03852,-0.08758,-0.03877,
17.00000,11900.05149,-42.22327,9999.44394, 0.10920, 1.17521,-0.39213,700.02385, 1.17979,-0.00086, 0.00520,-0.00015,-0.02118, 0.02058,-0.00999, 0.99973, 0.65012,430.69690,1454.62886,2886.64684,-2.03852,-0.08758,-0.03877,
17.10000,11970.05222,-42.70745,9999.43834, 0.10967, 1.17520,-0.39425,700.02407, 1.17979,-0.00086, 0.00519,-0.00015,-0.02116, 0.02058,-0.00999, 0.99973, 0.65012,430.69724,1454.62918,2886.64684,-2.03852,-0.08758,-0.03877,
17.20000,12040.05294,-43.19424,9999.43273, 0.11015, 1.17519,-0.39636,700.02430, 1.17979,-0.00086, 0.00519,-0.00014,-0.02113, 0.02058,-0.00999, 0.99973, 0.65012,430.69760,1454.62950,2886.64684,-2.03852,-0.08758,-0.03877,
17.30000,12110.05367,-43.68361,9999.42711, 0.11062, 1.17518,-0.39848,700.02452, 1.17979,-0.00086, 0.00519,-0.00014,-0.02111, 0.02058,-0.00999, 0.99973, 0.65012,430.69795,1454.62982,2886.64684,-2.03852,-0.08758,-0.03877,
17.40000,12180.05441,-44.17558,9999.42147, 0.11110, 1.17517,-0.40059,700.02474, 1.17979,-0.00086, 0.00519,-0.00014,-0.02109, 0.02058,-0.00999, 0.99973, 0.65012,430.69830,1454.63013,2886.64684,-2.03852,-0.08758,-0.03877,
17.50000,12250.05514,-44.67014,9999.41582, 0.11157, 1.17516,-0.40270,700.02497, 1.17979,-0.00086, 0.00519,-0.00014,-0.02107, 0.02058,-0.00999, 0.99974, 0.65012,430.69865,1454.63045,2886.64684,-2.03852,-0.08758,-0.03877,
17.60000,12320.05589,-45.16729,9999.41016, 0.11205, 1.17515,-0.40480,700.02519, 1.17979,-0.00086, 0.00520,-0.00013,-0.02105, 0.02058,-0.00999, 0.99974, 0.65013,430.69900,1454.63077,2886.64684,-2.03852,-0.08758,-0.03877,
17.70000,12390.05663,-45.66702,9999.40449, 0.11253, 1.17514,-0.40691,700.02542, 1.17979,-0.00086, 0.00520,-0.00013,-0.02103, 0.02058,-0.00999, 0.99974, 0.65013,430.69935,1454.63109,2886.64684,-2.03852,-0.08758,-0.03877,
17.80000,12460.05738,-46.16934,9999.39881, 0.11300, 1.17513,-0.40901,700.02564, 1.17979,-0.00086, 0.00520,-0.00013,-0.02102, 0.02058,-0.00999, 0.99974, 0.65013,430.69971,1454.63142,2886.64684,-2.03852,-0.08758,-0.03877,
17.90000,12530.05814,-46.67423,9999.39312, 0.11348, 1.17512,-0.41111,700.02587, 1.17979,-0.00085, 0.00520,-0.00013,-0.02100, 0.02058,-0.00999, 0.99974, 0.65013,430.70006,1454.63174,2886.64684,-2.03852,-0.08758,-0.03877,
18.00000,12600.05890,-47.18170,9999.38742, 0.11396, 1.17512,-0.41321,700.02609, 1.17979,-0.00085, 0.00519,-0.00013,-0.02098, 0.02058,-0.00999, 0.99974, 0.65013,430.70041,1454.63206,2886.64684,-2.03852,-0.08758,-0.03877,
18.10000,12670.05966,-47.69174,9999.38170, 0.11443, 1.17511,-0.41531,700.02632, 1.17979,-0.00085, 0.00518,-0.00012,-0.02096, 0.02058,-0.00999, 0.99974, 0.65013,430.70077,1454.63238,2886.64684,-2.03852,-0.08758,-0.03877,
18.20000,12740.06042,-48.20435,9999.37598, 0.11491, 1.17510,-0.41740,700.02654, 1.17979,-0.00085, 0.00517,-0.00012,-0.02094, 0.02058,-0.00999, 0.99974, 0.65013,430.70112,1454.63271,2886.64684,-2.03852,-0.08758,-0.03877,
18.30000,12810.06119,-48.71953,9999.37025, 0.11538, 1.17509,-0.41950,700.02677, 1.17979,-0.00085, 0.00516,-0.00012,-0.02092, 0.02058,-0.00999, 0.99974, 0.65013,430.70148,1454.63303,2886.64684,-2.03852,-0.08758,-0.03877,
18.40000,12880.06197,-49.23728,9999.36451, 0.11585, 1.17508,-0.42159,700.02699, 1.17979,-0.00085, 0.00515,-0.00012,-0.02089, 0.02058,-0.00999, 0.99974, 0.65013,430.70183,1454.63336,2886.64684,-2.03852,-0.08758,-0.03877,
18.50000,12950.06274,-49.75759,9999.35876, 0.11633, 1.17508,-0.42368,700.02722, 1.17979,-0.00084, 0.00514,-0.00011,-0.02087, 0.02058,-0.00999, 0.99974, 0.65013,430.70218,1454.63368,2886.64684,-2.03852,-0.08758,-0.03877,
18.60000,13020.06352,-50.28047,9999.35300, 0.11680, 1.17507,-0.42576,700.02744, 1.17979,-0.00084, 0.00513,-0.00011,-0.02085, 0.02058,-0.00999, 0.99974, 0.65013,430.70254,1454.63401,2886.64684,-2.03852,-0.08758,-0.03877,
18.70000,13090.06430,-50.80590,9999.34723, 0.11727, 1.17506,-0.42785,700.02767, 1.17979,-0.00084, 0.00512,-0.00011,-0.02082, 0.02058,-0.00999, 0.99975, 0.65013,430.70289,1454.63433,2886.64684,-2.03852,-0.08758,-0.03877,
18.80000,13160.06509,-51.33388,9999.34146, 0.11774, 1.17506,-0.42993,700.02789, 1.17979,-0.00084, 0.00511,-0.00011,-0.02080, 0.02058,-0.00999, 0.99975, 0.65013,430.70325,1454.63466,2886.64684,-2.03852,-0.08758,-0.03877,
18.90000,13230.06588,-51.86442,9999.33568, 0.11820, 1.17505,-0.43201,700.02812, 1.17979,-0.00084, 0.00511,-0.00011,-0.02077, 0.02058,-0.00999, 0.99975, 0.65013,430.70360,1454.63499,2886.64684,-2.03852,-0.08758,-0.03877,
19.00000,13300.06667,-52.39751,9999.32989, 0.11867, 1.17504,-0.43408,700.02834, 1.17979,-0.00084, 0.00510,-0.00010,-0.02075, 0.02058,-0.00999, 0.99975, 0.65013,430.70396,1454.63531,2886.64684,-2.03852,-0.08758,-0.03877,
19.10000,13370.06747,-52.93314,9999.32409, 0.11914, 1.17504,-0.43616,700.02857, 1.17979,-0.00084, 0.00510,-0.00010,-0.02073, 0.02058,-0.00999, 0.99975, 0.65013,430.70431,1454.63564,2886.64684,-2.03852,-0.08758,-0.03877,
19.20000,13440.06827,-53.47133,9999.31829, 0.11961, 1.17503,-0.43823,700.02879, 1.17979,-0.00084, 0.00510,-0.00010,-0.02071, 0.02058,-0.00999, 0.99975, 0.65013,430.70467,1454.63597,2886.64684,-2.03852,-0.08758,-0.03877,
19.30000,13510.06907,-54.01205,9999.31248, 0.12007, 1.17503,-0.44030,700.02902, 1.17979,-0.00084, 0.00510,-0.00010,-0.02069, 0.02058,-0.00999, 0.99975, 0.65013,430.70503,1454.63630,2886.64684,-2.03852,-0.08758,-0.03877,
19.40000,13580.06988,-54.55531,9999.30666, 0.12054, 1.17502,-0.44237,700.02924, 1.17979,-0.00084, 0.00510,-0.00009,-0.02067, 0.02058,-0.00999, 0.99975, 0.65013,430.70538,1454.63663,2886.64684,-2.03852,-0.08758,-0.03877,
19.50000,13650.07068,-55.10111,9999.30084, 0.12101, 1.17502,-0.44444,700.02947, 1.17979,-0.00084, 0.00509,-0.00009,-0.02065, 0.02058,-0.00999, 0.99975, 0.65013,430.70574,1454.63695,2886.64684,-2.03852,-0.08758,-0.03877,
19.60000,13720.07149,-55.64945,9999.29501, 0.12147, 1.17501,-0.44650,700.02969, 1.17979,-0.00084, 0.00509,-0.00009,-0.02063, 0.02058,-0.00999, 0.99975, 0.65013,430.70609,1454.63728,2886.64684,-2.03852,-0.08758,-0.03877,
19.70000,13790.07231,-56.20032,9999.28918, 0.12194, 1.17501,-0.44856,700.02992, 1.17979,-0.00084, 0.00509,-0.00009,-0.02061, 0.02058,-0.00999, 0.99975, 0.65013,430.70645,1454.63761,2886.64684,-2.03852,-0.08758,-0.03877,
19.80000,13860.07312,-56.75371,9999.28334, 0.12241, 1.17500,-0.45063,700.03014, 1.17979,-0.00084, 0.00508,-0.00008,-0.02059, 0.02058,-0.00999, 0.99975, 0.65013,430.70680,1454.63794,2886.64684,-2.03852,-0.08758,-0.03877,
19.90000,13930.07394,-57.30964,9999.27750, 0.12287, 1.17500,-0.45268,700.03037, 1.17979,-0.00083, 0.00507,-0.00008,-0.02057, 0.02058,-0.00999, 0.99976, 0.65013,430.70716,1454.63827,2886.64684,-2.03852,-0.08758,-0.03877,
20.00000,14000.07476,-57.86808,9999.27165, 0.12334, 1.17500,-0.45474,700.03059, 1.17979,-0.00083, 0.00506,-0.00008,-0.02055, 0.02058,-0.00999, 0.99976, 0.65013,430.70751,1454.63860,2886.64684,-2.03852,-0.08758,-0.03877,
20.10000,14070.07558,-58.42905,9999.26580, 0.12380, 1.17499,-0.45680,700.03082, 1.17979,-0.00083, 0.00506,-0.00008,-0.02053, 0.02058,-0.00999, 0.99976, 0.65013,430.70787,1454.63894,2886.64684,-2.03852,-0.08758,-0.03877,
20.20000,14140.07641,-58.99254,9999.25995, 0.12426, 1.17499,-0.45885,700.03104, 1.17979,-0.00083, 0.00505,-0.00008,-0.02051, 0.02057,-0.00999, 0.99976, 0.65013,430.70822,1454.63927,2886.64684,-2.03852,-0.08758,-0.03877,
20.30000,14210.07723,-59.55855,9999.25409, 0.12473, 1.17499,-0.46090,700.03126, 1.17979,-0.00083, 0.00504,-0.00007,-0.02049, 0.02057,-0.00999, 0.99976, 0.65013,430.70858,1454.63960,2886.64684,-2.03852,-0.08758,-0.03877,
20.40000,14280.07806,-60.12706,9999.24823, 0.12519, 1.17498,-0.46295,700.03149, 1.17979,-0.00083, 0.00503,-0.00007,-0.02046, 0.02057,-0.00999, 0.99976, 0.65013,430.70893,1454.63993,2886.64684,-2.03852,-0.08758,-0.03877,
20.50000,14350.07889,-60.69809,9999.24236, 0.12565, 1.17498,-0.46499,700.03171, 1.17979,-0.00083, 0.00502,-0.00007,-0.02044, 0.02057,-0.00999, 0.99976, 0.65013,430.70928,1454.64026,2886.64684,-2.03852,-0.08758,-0.03877,
20.60000,14420.07972,-61.27163,9999.23650, 0.12611, 1.17498,-0.46703,700.03193, 1.17979,-0.00083, 0.00502,-0.00007,-0.02042, 0.02057,-0.00999, 0.99976, 0.65013,430.70964,1454.64059,2886.64684,-2.03852,-0.08758,-0.03877,
20.70000,14490.08056,-61.84768,9999.23063, 0.12657, 1.17498,-0.46908,700.03216, 1.17979,-0.00083, 0.00501,-0.00006,-0.02040, 0.02057,-0.00999, 0.99976, 0.65013,430.70999,1454.64092,2886.64684,-2.03852,-0.08758,-0.03877,
20.80000,14560.08139,-62.42623,9999.22476, 0.12703, 1.17498,-0.47111,700.03238, 1.17979,-0.00083, 0.00501,-0.00006,-0.02038, 0.02057,-0.00999, 0.99976, 0.65013,430.71035,1454.64126,2886.64684,-2.03852,-0.08758,-0.03877,
20.90000,14630.08223,-63.00728,9999.21888, 0.12749, 1.17497,-0.47315,700.03260, 1.17979,-0.00083, 0.00501,-0.00006,-0.02036, 0.02057,-0.00999, 0.99976, 0.65013,430.71070,1454.64159,2886.64684,-2.03852,-0.08758,-0.03877,
21.00000,14700.08307,-63.59083,9999.21301, 0.12795, 1.17497,-0.47519,700.03282, 1.17979,-0.00082, 0.00500,-0.00006,-0.02034, 0.02057,-0.00999, 0.99976, 0.65013,430.71105,1454.64192,2886.64684,-2.03852,-0.08758,-0.03877,
21.10000,14770.08391,-64.17687,9999.20713, 0.12840, 1.17497,-0.47722,700.03305, 1.17979,-0.00082, 0.00500,-0.00005,-0.02032, 0.02057,-0.00999, 0.99977, 0.65013,430.71140,1454.64225,2886.64684,-2.03852,-0.08758,-0.03877,
21.20000,14840.08475,-64.76541,9999.20125, 0.12886, 1.17497,-0.47925,700.03327, 1.17979,-0.00082, 0.00500,-0.00005,-0.02030, 0.02057,-0.00999, 0.99977, 0.65013,430.71176,1454.64258,2886.64684,-2.03852,-0.08758,-0.03877,
21.30000,14910.08560,-65.35644,9999.19538, 0.12932, 1.17497,-0.48128,700.03349, 1.17979,-0.00082, 0.00499,-0.00005,-0.02028, 0.02057,-0.00999, 0.99977, 0.65013,430.71211,1454.64292,2886.64684,-2.03852,-0.08758,-0.03877,
21.40000,14980.08644,-65.94995,9999.18950, 0.12978, 1.17497,-0.48331,700.03371, 1.17979,-0.00082, 0.00499,-0.00005,-0.02026, 0.02057,-0.00999, 0.99977, 0.65013,430.71246,1454.64325,2886.64684,-2.03852,-0.08758,-0.03877,
21.50000,15050.08728,-66.54596,9999.18362, 0.13023, 1.17497,-0.48533,700.03393, 1.17979,-0.00082, 0.00498,-0.00005,-0.02024, 0.02057,-0.00999, 0.99977, 0.65013,430.71281,1454.64358,2886.64684,-2.03852,-0.08758,-0.03877,
21.60000,15120.08813,-67.14444,9999.17774, 0.13069, 1.17497,-0.48736,700.03415, 1.17978,-0.00082, 0.00497,-0.00004,-0.02022, 0.02057,-0.00999, 0.99977, 0.65013,430.71316,1454.64391,2886.64684,-2.03852,-0.08758,-0.03877,
21.70000,15190.08898,-67.74541,9999.17187, 0.13115, 1.17497,-0.48938,700.03437, 1.17978,-0.00082, 0.00497,-0.00004,-0.02019, 0.02057,-0.00999, 0.99977, 0.65013,430.71351,1454.64425,2886.64684,-2.03852,-0.08758,-0.03877,
21.80000,15260.08982,-68.34885,9999.16599, 0.13160, 1.17497,-0.49139,700.03459, 1.17978,-0.00082, 0.00496,-0.00004,-0.02017, 0.02057,-0.00999, 0.99977, 0.65013,430.71386,1454.64458,2886.64684,-2.03852,-0.08758,-0.03877,
21.90000,15330.09067,-68.95477,9999.16011, 0.13206, 1.17497,-0.49341,700.03481, 1.17978,-0.00082, 0.00495,-0.00004,-0.02015, 0.02057,-0.00999, 0.99977, 0.65013,430.71421,1454.64491,2886.64684,-2.03852,-0.08758,-0.03877,
22.00000,15400.09152,-69.56316,9999.15424, 0.13251, 1.17497,-0.49543,700.03503, 1.17978,-0.00081, 0.00495,-0.00003,-0.02013, 0.02057,-0.00999, 0.99977, 0.65013,430.71456,1454.64524,2886.64684,-2.03852,-0.08758,-0.03877,
22.10000,15470.09237,-70.17403,9999.14837, 0.13296, 1.17497,-0.49744,700.03525, 1.17978,-0.00081, 0.00494,-0.00003,-0.02011, 0.02057,-0.00999, 0.99977, 0.65013,430.71491,1454.64558,2886.64684,-2.03852,-0.08758,-0.03877,
22.20000,15540.09322,-70.78736,9999.14250, 0.13342, 1.17498,-0.49945,700.03547, 1.17978,-0.00081, 0.00494,-0.00003,-0.02009, 0.02057,-0.00999, 0.99977, 0.65013,430.71525,1454.64591,2886.64684,-2.03852,-0.08758,-0.03877,
22.30000,15610.09406,-71.40316,9999.13663, 0.13387, 1.17498,-0.50146,700.03568, 1.17978,-0.00081, 0.00493,-0.00003,-0.02007, 0.02057,-0.00999, 0.99978, 0.65013,430.71560,1454.64624,2886.64684,-2.03852,-0.08758,-0.03877,
22.40000,15680.09491,-72.02142,9999.13076, 0.13432, 1.17498,-0.50346,700.03590, 1.17978,-0.00081, 0.00492,-0.00003,-0.02005, 0.02057,-0.00999, 0.99978, 0.65013,430.71595,1454.64657,2886.64684,-2.03852,-0.08758,-0.03877,
22.50000,15750.09576,-72.64214,9999.12490, 0.13477, 1.17498,-0.50547,700.03612, 1.17978,-0.00081, 0.00492,-0.00002,-0.02003, 0.02057,-0.00999, 0.99978, 0.65013,430.71629,1454.64690,2886.64684,-2.03852,-0.08758,-0.03877,
22.60000,15820.09661,-73.26532,9999.11904, 0.13522, 1.17498,-0.50747,700.03633, 1.17978,-0.00081, 0.00492,-0.00002,-0.02001, 0.02057,-0.00999, 0.99978, 0.65013,430.71664,1454.64723,2886.64684,-2.03852,-0.08758,-0.03877,
22.70000,15890.09746,-73.89095,9999.11318, 0.13567, 1.17499,-0.50947,700.03655, 1.17978,-0.00081, 0.00491,-0.00002,-0.01999, 0.02057,-0.00999, 0.99978, 0.65013,430.71698,1454.64756,2886.64684,-2.03852,-0.08758,-0.03877,
22.80000,15960.09831,-74.51904,9999.10733, 0.13612, 1.17499,-0.51147,700.03676, 1.17978,-0.00081, 0.00491,-0.00002,-0.01997, 0.02057,-0.00999, 0.99978, 0.65014,430.71732,1454.64789,2886.64684,-2.03852,-0.08758,-0.03877,
22.90000,16030.09915,-75.14958,9999.10148, 0.13657, 1.17499,-0.51346,700.03698, 1.17978,-0.00081, 0.00490,-0.00001,-0.01995, 0.02057,-0.00999, 0.99978, 0.65014,430.71767,1454.64823,2886.64684,-2.03852,-0.08758,-0.03877,
23.00000,16100.10000,-75.78256,9999.09564, 0.13702, 1.17500,-0.51546,700.03719, 1.17978,-0.00081, 0.00490,-0.00001,-0.01993, 0.02057,-0.00999, 0.99978, 0.65014,430.71801,1454.64856,2886.64684,-2.03852,-0.08758,-0.03877,
23.10000,16170.10085,-76.41799,9999.08980, 0.13747, 1.17500,-0.51745,700.03741, 1.17978,-0.00081, 0.00489,-0.00001,-0.01991, 0.02057,-0.00999, 0.99978, 0.65014,430.71835,1454.64889,2886.64684,-2.03852,-0.08758,-0.03877,
23.20000,16240.10169,-77.05587,9999.08396, 0.13792, 1.17500,-0.51944,700.03762, 1.17978,-0.00080, 0.00489,-0.00001,-0.01989, 0.02057,-0.00999, 0.99978, 0.65014,430.71869,1454.64922,2886.64684,-2.03852,-0.08758,-0.03877,
23.30000,16310.10253,-77.69618,9999.07813, 0.13836, 1.17501,-0.52143,700.03783, 1.17978,-0.00080, 0.00488,-0.00001,-0.01987, 0.02057,-0.00999, 0.99978, 0.65014,430.71903,1454.64955,2886.64684,-2.03852,-0.08758,-0.03877,
23.40000,16380.10338,-78.33893,9999.07231, 0.13881, 1.17501,-0.52341,700.03804, 1.17978,-0.00080, 0.00488,-0.00000,-0.01985, 0.02057,-0.00999, 0.99978, 0.65014,430.71937,1454.64988,2886.64684,-2.03852,-0.08758,-0.03877,
23.50000,16450.10422,-78.98412,9999.06649, 0.13926, 1.17502,-0.52540,700.03826, 1.17978,-0.00080, 0.00487,-0.00000,-0.01983, 0.02057,-0.00999, 0.99979, 0.65014,430.71971,1454.65020,2886.64684,-2.03852,-0.08758,-0.03877,
23.60000,16520.10506,-79.63174,9999.06068, 0.13970, 1.17502,-0.52738,700.03847, 1.17978,-0.00080, 0.00486, 0.00000,-0.01981, 0.02057,-0.00999, 0.99979, 0.65014,430.72005,1454.65053,2886.64684,-2.03852,-0.08758,-0.03877,
23.70000,16590.10590,-80.28179,9999.05487, 0.14015, 1.17503,-0.52936,700.03868, 1.17978,-0.00080, 0.00486, 0.00000,-0.01978, 0.02057,-0.00999, 0.99979, 0.65014,430.72038,1454.65086,2886.64684,-2.03852,-0.08758,-0.03877,
23.80000,16660.10673,-80.93427,9999.04907, 0.14059, 1.17503,-0.53134,700.03889, 1.17978,-0.00080, 0.00485, 0.00000,-0.01976, 0.02057,-0.00999, 0.99979, 0.65014,430.72072,1454.65119,2886.64684,-2.03852,-0.08758,-0.03877,
23.90000,16730.10757,-81.58917,9999.04328, 0.14104, 1.17504,-0.53331,700.03909, 1.17978,-0.00080, 0.00485, 0.00001,-0.01974, 0.02057,-0.00999, 0.99979, 0.65014,430.72106,1454.65152,2886.64684,-2.03852,-0.08758,-0.03877,
24.00000,16800.10840,-82.24650,9999.03749, 0.14148, 1.17504,-0.53529,700.03930, 1.17978,-0.00080, 0.00484, 0.00001,-0.01972, 0.02057,-0.00999, 0.99979, 0.65014,430.72139,1454.65184,2886.64684,-2.03852,-0.08758,-0.03877,
24.10000,16870.10923,-82.90625,9999.03171, 0.14193, 1.17505,-0.53726,700.03951, 1.17978,-0.00080, 0.00484, 0.00001,-0.01970, 0.02057,-0.00999, 0.99979, 0.65014,430.72172,1454.65217,2886.64684,-2.03852,-0.08758,-0.03877,
24.20000,16940.11006,-83.56842,9999.02594, 0.14237, 1.17505,-0.53923,700.03972, 1.17978,-0.00080, 0.00483, 0.00001,-0.01968, 0.02057,-0.00999, 0.99979, 0.65014,430.72206,1454.65250,2886.64684,-2.03852,-0.08758,-0.03877,
24.30000,17010.11089,-84.23300,9999.02018, 0.14281, 1.17506,-0.54120,700.03992, 1.17978,-0.00080, 0.00483, 0.00002,-0.01966, 0.02057,-0.00999, 0.99979, 0.65014,430.72239,1454.65282,2886.64684,-2.03852,-0.08758,-0.03877,
24.40000,17080.11172,-84.89999,9999.01442, 0.14325, 1.17507,-0.54316,700.04013, 1.17978,-0.00079, 0.00482, 0.00002,-0.01964, 0.02057,-0.00999, 0.99979, 0.65014,430.72272,1454.65315,2886.64684,-2.03852,-0.08758,-0.03877,
24.50000,17150.11254,-85.56940,9999.00867, 0.14369, 1.17507,-0.54513,700.04033, 1.17978,-0.00079, 0.00482, 0.00002,-0.01962, 0.02057,-0.00999, 0.99979, 0.65014,430.72305,1454.65347,2886.64684,-2.03852,-0.08758,-0.03877,
24.60000,17220.11336,-86.24121,9999.00294, 0.14414, 1.17508,-0.54709,700.04054, 1.17978,-0.00079, 0.00481, 0.00002,-0.01960, 0.02057,-0.00999, 0.99979, 0.65014,430.72337,1454.65380,2886.64684,-2.03852,-0.08758,-0.03877,
24.70000,17290.11417,-86.91543,9998.99721, 0.14458, 1.17509,-0.54905,700.04074, 1.17978,-0.00079, 0.00481, 0.00002,-0.01958, 0.02057,-0.00999, 0.99980, 0.65014,430.72370,1454.65412,2886.64684,-2.03852,-0.08758,-0.03877,
24.80000,17360.11499,-87.59206,9998.99149, 0.14502, 1.17510,-0.55101,700.04094, 1.17978,-0.00079, 0.00480, 0.00003,-0.01956, 0.02057,-0.00999, 0.99980, 0.65014,430.72403,1454.65444,2886.64684,-2.03852,-0.08758,-0.03877,
24.90000,17430.11580,-88.27108,9998.98578, 0.14546, 1.17510,-0.55296,700.04115, 1.17978,-0.00079, 0.00480, 0.00003,-0.01954, 0.02057,-0.00999, 0.99980, 0.65014,430.72435,1454.65477,2886.64684,-2.03852,-0.08758,-0.03877,
25.00000,17500.11661,-88.95250,9998.98007, 0.14590, 1.17511,-0.55492,700.04135, 1.17978,-0.00079, 0.00479, 0.00003,-0.01952, 0.02057,-0.00999, 0.99980, 0.65014,430.72468,1454.65509,2886.64684,-2.03852,-0.08758,-0.03877,
25.10000,17570.11741,-89.63632,9998.97438, 0.14633, 1.17512,-0.55687,700.04155, 1.17978,-0.00079, 0.00478, 0.00003,-0.01950, 0.02057,-0.00999, 0.99980, 0.65014,430.72500,1454.65541,2886.64684,-2.03852,-0.08758,-0.03877,
25.20000,17640.11821,-90.32253,9998.96870, 0.14677, 1.17513,-0.55882,700.04175, 1.17978,-0.00079, 0.00478, 0.00003,-0.01948, 0.02057,-0.00999, 0.99980, 0.65014,430.72532,1454.65573,2886.64684,-2.03852,-0.08758,-0.03877,
25.30000,17710.11901,-91.01113,9998.96303, 0.14721, 1.17514,-0.56076,700.04194, 1.17978,-0.00079, 0.00477, 0.00004,-0.01946, 0.02057,-0.00999, 0.99980, 0.65014,430.72564,1454.65605,2886.64684,-2.03852,-0.08758,-0.03877,
25.40000,17780.11980,-91.70213,9998.95737, 0.14765, 1.17515,-0.56271,700.04214, 1.17978,-0.00079, 0.00477, 0.00004,-0.01944, 0.02057,-0.00999, 0.99980, 0.65014,430.72596,1454.65637,2886.64684,-2.03852,-0.08758,-0.03877,
25.50000,17850.12059,-92.39550,9998.95172, 0.14808, 1.17515,-0.56465,700.04234, 1.17978,-0.00079, 0.00476, 0.00004,-0.01942, 0.02057,-0.00999, 0.99980, 0.65014,430.72628,1454.65669,2886.64684,-2.03852,-0.08758,-0.03877,
25.60000,17920.12138,-93.09127,9998.94609, 0.14852, 1.17516,-0.56660,700.04254, 1.17978,-0.00078, 0.00476, 0.00004,-0.01940, 0.02057,-0.00999, 0.99980, 0.65014,430.72660,1454.65701,2886.64684,-2.03852,-0.08758,-0.03877,
25.70000,17990.12216,-93.78941,9998.94046, 0.14896, 1.17517,-0.56854,700.04273, 1.17978,-0.00078, 0.00475, 0.00004,-0.01938, 0.02057,-0.00999, 0.99980, 0.65014,430.72692,1454.65733,2886.64684,-2.03852,-0.08758,-0.03877,
25.80000,18060.12294,-94.48993,9998.93485, 0.14939, 1.17518,-0.57047,700.04293, 1.17978,-0.00078, 0.00475, 0.00005,-0.01936, 0.02057,-0.00999, 0.99980, 0.65014,430.72723,1454.65765,2886.64684,-2.03852,-0.08758,-0.03877,
25.90000,18130.12371,-95.19283,9998.92925, 0.14983, 1.17519,-0.57241,700.04312, 1.17978,-0.00078, 0.00474, 0.00005,-0.01935, 0.02057,-0.00999, 0.99980, 0.65014,430.72755,1454.65796,2886.64684,-2.03852,-0.08758,-0.03877,
26.00000,18200.12448,-95.89810,9998.92366, 0.15026, 1.17520,-0.57434,700.04331, 1.17978,-0.00078, 0.00474, 0.00005,-0.01933, 0.02057,-0.00999, 0.99980, 0.65014,430.72786,1454.65828,2886.64684,-2.03852,-0.08758,-0.03877,
26.10000,18270.12524,-96.60575,9998.91808, 0.15069, 1.17521,-0.57628,700.04350, 1.17978,-0.00078, 0.00473, 0.00005,-0.01931, 0.02057,-0.00999, 0.99981, 0.65014,430.72817,1454.65859,2886.64684,-2.03852,-0.08758,-0.03877,
26.20000,18340.12600,-97.31576,9998.91252, 0.15113, 1.17522,-0.57821,700.04369, 1.17978,-0.00078, 0.00473, 0.00006,-0.01929, 0.02057,-0.00999, 0.99981, 0.65014,430.72848,1454.65891,2886.64684,-2.03852,-0.08758,-0.03877,
26.30000,18410.12676,-98.02814,9998.90697, 0.15156, 1.17523,-0.58013,700.04389, 1.17978,-0.00078, 0.00472, 0.00006,-0.01927, 0.02057,-0.00999, 0.99981, 0.65014,430.72879,1454.65922,2886.64684,-2.03852,-0.08758,-0.03877,
26.40000,18480.12751,-98.74288,9998.90143, 0.15199, 1.17524,-0.58206,700.04407, 1.17978,-0.00078, 0.00472, 0.00006,-0.01925, 0.02057,-0.00999, 0.99981, 0.65014,430.72910,1454.65954,2886.64684,-2.03852,-0.08758,-0.03877,
26.50000,18550.12825,-99.45999,9998.89591, 0.15242, 1.17526,-0.58398,700.04426, 1.17978,-0.00078, 0.00471, 0.00006,-0.01923, 0.02057,-0.00999, 0.99981, 0.65014,430.72940,1454.65985,2886.64684,-2.03852,-0.08758,-0.03877,
26.60000,18620.12899,-100.17946,9998.89040, 0.15286, 1.17527,-0.58591,700.04445, 1.17978,-0.00078, 0.00471, 0.00006,-0.01921, 0.02057,-0.00999, 0.99981, 0.65014,430.72971,1454.66016,2886.64684,-2.03852,-0.08758,-0.03877,
26.70000,18690.12972,-100.90128,9998.88490, 0.15329, 1.17528,-0.58783,700.04464, 1.17978,-0.00078, 0.00470, 0.00006,-0.01919, 0.02057,-0.00999, 0.99981, 0.65014,430.73001,1454.66047,2886.64684,-2.03852,-0.08758,-0.03877,
26.80000,18760.13045,-101.62546,9998.87942, 0.15372, 1.17529,-0.58974,700.04482, 1.17978,-0.00077, 0.00470, 0.00007,-0.01917, 0.02057,-0.00999, 0.99981, 0.65014,430.73031,1454.66078,2886.64684,-2.03852,-0.08758,-0.03877,
26.90000,18830.13117,-102.35199,9998.87396, 0.15415, 1.17530,-0.59166,700.04501, 1.17978,-0.00077, 0.00469, 0.00007,-0.01915, 0.02057,-0.00999, 0.99981, 0.65014,430.73061,1454.66109,2886.64684,-2.03852,-0.08758,-0.03877,
27.00000,18900.13188,-103.08087,9998.86851, 0.15458, 1.17531,-0.59357,700.04519, 1.17978,-0.00077, 0.00469, 0.00007,-0.01913, 0.02057,-0.00999, 0.99981, 0.65014,430.73091,1454.66140,2886.64684,-2.03852,-0.08758,-0.03877,
27.10000,18970.13259,-103.81210,9998.86307, 0.15501, 1.17533,-0.59549,700.04537, 1.17978,-0.00077, 0.00468, 0.00007,-0.01911, 0.02057,-0.00999, 0.99981, 0.65014,430.73121,1454.66170,2886.64684,-2.03852,-0.08758,-0.03877,
27.20000,19040.13329,-104.54567,9998.85765, 0.15543, 1.17534,-0.59740,700.04555, 1.17978,-0.00077, 0.00468, 0.00007,-0.01909, 0.02057,-0.00999, 0.99981, 0.65014,430.73151,1454.66201,2886.64684,-2.03852,-0.08758,-0.03877,
27.30000,19110.13399,-105.28159,9998.85224, 0.15586, 1.17535,-0.59931,700.04573, 1.17978,-0.00077, 0.00467, 0.00008,-0.01907, 0.02057,-0.00999, 0.99981, 0.65014,430.73180,1454.66232,2886.64684,-2.03852,-0.08758,-0.03877,
27.40000,19180.13468,-106.01984,9998.84686, 0.15629, 1.17537,-0.60121,700.04591, 1.17978,-0.00077, 0.00467, 0.00008,-0.01905, 0.02057,-0.00999, 0.99982, 0.65014,430.73209,1454.66262,2886.64684,-2.03852,-0.08758,-0.03877,
27.50000,19250.13536,-106.76044,9998.84148, 0.15672, 1.17538,-0.60312,700.04609, 1.17978,-0.00077, 0.00466, 0.00008,-0.01903, 0.02057,-0.00999, 0.99982, 0.65014,430.73239,1454.66293,2886.64684,-2.03852,-0.08758,-0.03877,
27.60000,19320.13604,-107.50337,9998.83613, 0.15714, 1.17539,-0.60502,700.04627, 1.17978,-0.00077, 0.00465, 0.00008,-0.01901, 0.02057,-0.00999, 0.99982, 0.65014,430.73268,1454.66323,2886.64684,-2.03852,-0.08758,-0.03877,
27.70000,19390.13671,-108.24863,9998.83079, 0.15757, 1.17541,-0.60692,700.04645, 1.17978,-0.00077, 0.00465, 0.00008,-0.01899, 0.02057,-0.00999, 0.99982, 0.65014,430.73297,1454.66353,2886.64684,-2.03852,-0.08758,-0.03877,
27.80000,19460.13737,-108.99623,9998.82546, 0.15800, 1.17542,-0.60882,700.04662, 1.17978,-0.00077, 0.00464, 0.00009,-0.01897, 0.02057,-0.00999, 0.99982, 0.65014,430.73325,1454.66383,2886.64684,-2.03852,-0.08758,-0.03877,
27.90000,19530.13802,-109.74615,9998.82016, 0.15842, 1.17543,-0.61072,700.04679, 1.17977,-0.00077, 0.00464, 0.00009,-0.01896, 0.02057,-0.00999, 0.99982, 0.65014,430.73354,1454.66413,2886.64684,-2.03852,-0.08758,-0.03877,
28.00000,19600.13867,-110.49840,9998.81487, 0.15885, 1.17545,-0.61261,700.04697, 1.17977,-0.00076, 0.00464, 0.00009,-0.01894, 0.02057,-0.00999, 0.99982, 0.65014,430.73382,1454.66443,2886.64684,-2.03852,-0.08758,-0.03877,
28.10000,19670.13931,-111.25297,9998.80960, 0.15927, 1.17546,-0.61450,700.04714, 1.17977,-0.00076, 0.00463, 0.00009,-0.01892, 0.02057,-0.00999, 0.99982, 0.65014,430.73411,1454.66473,2886.64684,-2.03852,-0.08758,-0.03877,
28.20000,19740.13994,-112.00987,9998.80435, 0.15970, 1.17548,-0.61640,700.04731, 1.17977,-0.00076, 0.00463, 0.00009,-0.01890, 0.02057,-0.00999, 0.99982, 0.65014,430.73439,1454.66502,2886.64684,-2.03852,-0.08758,-0.03877,
28.30000,19810.14056,-112.76908,9998.79911, 0.16012, 1.17549,-0.61828,700.04748, 1.17977,-0.00076, 0.00462, 0.00010,-0.01888, 0.02057,-0.00999, 0.99982, 0.65014,430.73467,1454.66532,2886.64684,-2.03852,-0.08758,-0.03877,
28.40000,19880.14117,-113.53061,9998.79389, 0.16054, 1.17551,-0.62017,700.04765, 1.17977,-0.00076, 0.00462, 0.00010,-0.01886, 0.02057,-0.00999, 0.99982, 0.65014,430.73495,1454.66562,2886.64684,-2.03852,-0.08758,-0.03877,
28.50000,19950.14178,-114.29446,9998.78870, 0.16096, 1.17552,-0.62206,700.04782, 1.17977,-0.00076, 0.00461, 0.00010,-0.01884, 0.02057,-0.00999, 0.99982, 0.65014,430.73522,1454.66591,2886.64684,-2.03852,-0.08758,-0.03877,
28.60000,20020.14238,-115.06061,9998.78352, 0.16139, 1.17554,-0.62394,700.04798, 1.17977,-0.00076, 0.00460, 0.00010,-0.01882, 0.02057,-0.00999, 0.99982, 0.65014,430.73550,1454.66620,2886.64684,-2.03852,-0.08758,-0.03877,
28.70000,20090.14296,-115.82908,9998.77836, 0.16181, 1.17555,-0.62582,700.04815, 1.17977,-0.00076, 0.00460, 0.00010,-0.01880, 0.02057,-0.00999, 0.99982, 0.65014,430.73577,1454.66649,2886.64684,-2.03852,-0.08758,-0.03877,
28.80000,20160.14354,-116.59985,9998.77321, 0.16223, 1.17557,-0.62770,700.04831, 1.17977,-0.00076, 0.00459, 0.00010,-0.01878, 0.02057,-0.00999, 0.99982, 0.65015,430.73604,1454.66679,2886.64684,-2.03852,-0.08758,-0.03877,
28.90000,20230.14411,-117.37293,9998.76809, 0.16265, 1.17558,-0.62958,700.04848, 1.17977,-0.00076, 0.00459, 0.00011,-0.01876, 0.02057,-0.00999, 0.99983, 0.65015,430.73631,1454.66707,2886.64684,-2.03852,-0.08758,-0.03877,
29.00000,20300.14468,-118.14831,9998.76299, 0.16307, 1.17560,-0.63145,700.04864, 1.17977,-0.00076, 0.00458, 0.00011,-0.01874, 0.02057,-0.01000, 0.99983, 0.65015,430.73658,1454.66736,2886.64684,-2.03852,-0.08758,-0.03877,
29.10000,20370.14523,-118.92599,9998.75791, 0.16349, 1.17561,-0.63333,700.04880, 1.17977,-0.00076, 0.00458, 0.00011,-0.01873, 0.02057,-0.01000, 0.99983, 0.65015,430.73685,1454.66765,2886.64684,-2.03852,-0.08758,-0.03877,
29.20000,20440.14577,-119.70597,9998.75284, 0.16391, 1.17563,-0.63520,700.04896, 1.17977,-0.00076, 0.00457, 0.00011,-0.01871, 0.02057,-0.01000, 0.99983, 0.65015,430.73711,1454.66794,2886.64684,-2.03852,-0.08758,-0.03877,
29.30000,20510.14630,-120.48825,9998.74780, 0.16433, 1.17565,-0.63707,700.04912, 1.17977,-0.00075, 0.00457, 0.00011,-0.01869, 0.02057,-0.01000, 0.99983, 0.65015,430.73737,1454.66822,2886.64684,-2.03852,-0.08758,-0.03877,
29.40000,20580.14683,-121.27282,9998.74278, 0.16475, 1.17566,-0.63894,700.04927, 1.17977,-0.00075, 0.00456, 0.00011,-0.01867, 0.02057,-0.01000, 0.99983, 0.65015,430.73763,1454.66851,2886.64684,-2.03852,-0.08758,-0.03877,
29.50000,20650.14734,-122.05968,9998.73778, 0.16516, 1.17568,-0.64080,700.04943, 1.17977,-0.00075, 0.00456, 0.00012,-0.01865, 0.02057,-0.01000, 0.99983, 0.65015,430.73789,1454.66879,2886.64684,-2.03852,-0.08758,-0.03877,
29.60000,20720.14784,-122.84882,9998.73280, 0.16558, 1.17570,-0.64267,700.04958, 1.17977,-0.00075, 0.00455, 0.00012,-0.01863, 0.02057,-0.01000, 0.99983, 0.65015,430.73815,1454.66907,2886.64684,-2.03852,-0.08758,-0.03877,
29.70000,20790.14833,-123.64026,9998.72784, 0.16600, 1.17572,-0.64453,700.04974, 1.17977,-0.00075, 0.00455, 0.00012,-0.01861, 0.02057,-0.01000, 0.99983, 0.65015,430.73841,1454.66935,2886.64684,-2.03852,-0.08758,-0.03877,
29.80000,20860.14881,-124.43398,9998.72290, 0.16642, 1.17573,-0.64639,700.04989, 1.17977,-0.00075, 0.00455, 0.00012,-0.01859, 0.02057,-0.01000, 0.99983, 0.65015,430.73866,1454.66963,2886.64684,-2.03852,-0.08758,-0.03877,
29.90000,20930.14928,-125.22998,9998.71799, 0.16683, 1.17575,-0.64825,700.05004, 1.17977,-0.00075, 0.00454, 0.00012,-0.01857, 0.02057,-0.01000, 0.99983, 0.65015,430.73891,1454.66991,2886.64684,-2.03852,-0.08758,-0.03877,
30.00000,21000.14974,-126.02826,9998.71309, 0.16725, 1.17577,-0.65011,700.05019, 1.17977,-0.00075, 0.00454, 0.00012,-0.01855, 0.02057,-0.01000, 0.99983, 0.65015,430.73916,1454.67018,2886.64684,-2.03852,-0.08758,-0.03877,
